 jacobian for channel i, lat, lon
          12   4.63061000000000        238.922250000000     
 model level, layer pressure, jacobian virtual temp
           1   100.930016190072       2.024655366451971E-010
           2   100.354786085820       2.818351793457163E-010
           3   99.7034237843065       4.143168161048831E-010
           4   98.9670498457964       6.344083666964929E-010
           5   98.1361037562144       8.896446976914068E-010
           6   97.2003974831519       1.445103368022504E-009
           7   96.1492408850884       2.237124585086471E-009
           8   94.9715823060026       2.735237755773465E-009
           9   93.6562065508496       4.493163998697110E-009
          10   92.1920070494949       8.207108159006917E-009
          11   90.5683277209335       1.367954839635517E-008
          12   88.7753810751211       2.222144413009200E-008
          13   86.8047167811488       4.085311107135725E-008
          14   84.6497693161444       6.929005122168517E-008
          15   82.3064483339245       1.275355386085810E-007
          16   79.7737184552477       2.631581715794402E-007
          17   77.0541665042337       5.275278912838778E-007
          18   74.1544981412689       1.004377623053473E-006
          19   71.0858876617323       1.881975440329607E-006
          20   67.8641433419238       3.436816039640206E-006
          21   64.5096604430966       5.438721034259471E-006
          22   61.0471004582044       6.780363216001626E-006
          23   57.5047969381737       7.643977977950678E-006
          24   53.9139200864628       7.495195092362492E-006
          25   50.3074226792622       5.925848112383041E-006
          26   46.7188553907442       9.817117067732496E-006
          27   43.1811403178477       3.706099093845472E-006
          28   39.7253921020927      -1.800175141886467E-006
          29   36.3798705172704      -2.257353532530799E-006
          30   33.1691410675722      -1.739025134655053E-006
          31   30.1134948852151      -1.438353985389077E-006
          32   27.2286363015048       6.412198640560020E-006
          33   24.5256204001092       1.884849525889865E-005
          34   22.0109371521345       4.846572330242633E-005
          35   19.6868328057542       1.778893995002666E-004
          36   17.5518919608348       5.698623410657427E-004
          37   15.6016519616747       1.641146342870842E-003
          38   13.8291943172722       4.003386539666197E-003
          39   12.2257305010218       8.144246843719069E-003
          40   10.7811396093628       1.403991675105331E-002
          41   9.48444617104762       2.163393175441790E-002
          42   8.32423555156817       2.931932564961977E-002
          43   7.28899188610806       3.659183497851225E-002
          44   6.36744072072844       4.394827530003479E-002
          45   5.54891765133637       4.939002658029463E-002
          46   4.82345163649048       5.262459766601116E-002
          47   4.18168862358133       5.805785852890368E-002
          48   3.61492857596243       6.035785320165857E-002
          49   3.11515193106151       5.935696865783566E-002
          50   2.67502150328609       5.602744433135048E-002
          51   2.28786764029471       5.597908175779097E-002
          52   1.94765948261730       5.148983341653911E-002
          53   1.64897200541825       4.755043239968983E-002
          54   1.38694320525960       4.398207299840059E-002
          55   1.15723006331523       3.914128796437646E-002
          56  0.955967631039691       3.623921167716628E-002
          57  0.779722531596860       3.290013973445876E-002
          58  0.625452421032079       2.837646183925998E-002
          59  0.490464676355272       2.602116036299249E-002
          60  0.372378469254306       2.426230820444466E-002
          61  0.269083787099982       2.219495619575806E-002
          62  0.178689388225722       2.205093804862358E-002
          63  9.938258918294017E-002  2.092667456042581E-002
          64  4.065807297735977E-002  2.342806452967266E-002
 model level, layer pressure, jacobian wv
           1   100.930016190072      -3.681764544452248E-008
           2   100.354786085820      -5.116208651844099E-008
           3   99.7034237843065      -7.507034780906283E-008
           4   98.9670498457964      -1.147041072572859E-007
           5   98.1361037562144      -1.604663832447040E-007
           6   97.2003974831519      -2.599460153917540E-007
           7   96.1492408850884      -4.011800482574223E-007
           8   94.9715823060026      -4.888156691290355E-007
           9   93.6562065508496      -7.998883632919062E-007
          10   92.1920070494949      -1.454856911617141E-006
          11   90.5683277209335      -2.417968407407889E-006
          12   88.7753810751211      -3.924777603229740E-006
          13   86.8047167811488      -7.206700458560052E-006
          14   84.6497693161444      -1.221903612435286E-005
          15   82.3064483339245      -2.246947041544237E-005
          16   79.7737184552477      -4.623235310154260E-005
          17   77.0541665042337      -9.228266064603688E-005
          18   74.1544981412689      -1.748176189810386E-004
          19   71.0858876617323      -3.253704355404877E-004
          20   67.8641433419238      -5.892853773276413E-004
          21   64.5096604430966      -9.244418994063416E-004
          22   61.0471004582044      -1.142109097872306E-003
          23   57.5047969381737      -1.276051270956387E-003
          24   53.9139200864628      -1.239832508566522E-003
          25   50.3074226792622      -9.702795777758147E-004
          26   46.7188553907442      -1.584793526328767E-003
          27   43.1811403178477      -5.903734860038148E-004
          28   39.7253921020927       2.828474441206265E-004
          29   36.3798705172704       3.479437420116687E-004
          30   33.1691410675722       2.618697753007158E-004
          31   30.1134948852151       2.119786939824405E-004
          32   27.2286363015048      -9.212463147183949E-004
          33   24.5256204001092      -2.636530334463459E-003
          34   22.0109371521345      -6.592285274704512E-003
          35   19.6868328057542      -2.353955563319565E-002
          36   17.5518919608348      -7.351872967155437E-002
          37   15.6016519616747      -0.206848724032317     
          38   13.8291943172722      -0.356678879297923     
          39   12.2257305010218      -0.130282720667567     
          40   10.7811396093628      -4.754108657098251E-002
          41   9.48444617104762      -1.839916523275396E-002
          42   8.32423555156817      -7.228988627288997E-003
          43   7.28899188610806      -3.030267080402774E-003
          44   6.36744072072844      -1.395311093181272E-003
          45   5.54891765133637      -6.661542761017337E-004
          46   4.82345163649048      -3.352092494726322E-004
          47   4.18168862358133      -1.930308538274968E-004
          48   3.61492857596243      -1.131483838683686E-004
          49   3.11515193106151      -6.521170275731840E-005
          50   2.67502150328609      -3.852934454899586E-005
          51   2.28786764029471      -2.598259474978424E-005
          52   1.94765948261730      -1.670568622424160E-005
          53   1.64897200541825      -1.122483345434244E-005
          54   1.38694320525960      -7.875632268761803E-006
          55   1.15723006331523      -5.527912022301519E-006
          56  0.955967631039691      -4.176767924375683E-006
          57  0.779722531596860      -3.156892948667846E-006
          58  0.625452421032079      -2.317086056726024E-006
          59  0.490464676355272      -1.866226522972079E-006
          60  0.372378469254306      -1.580685283761012E-006
          61  0.269083787099982      -1.316180810172987E-006
          62  0.178689388225722      -1.258626892478196E-006
          63  9.938258918294017E-002 -1.107260225984839E-006
          64  4.065807297735977E-002 -1.105336213699551E-006
