 jacobian for channel i, lat, lon
          68   4.63061000000000        238.922250000000     
 model level, layer pressure, jacobian virtual temp
           1   100.930016190072       1.637814079052201E-005
           2   100.354786085820       2.205902573484707E-005
           3   99.7034237843065       3.031191439134014E-005
           4   98.9670498457964       4.268755752919559E-005
           5   98.1361037562144       5.977301677257093E-005
           6   97.2003974831519       8.945278418725278E-005
           7   96.1492408850884       1.374196948874886E-004
           8   94.9715823060026       2.157523714656980E-004
           9   93.6562065508496       3.569668329606547E-004
          10   92.1920070494949       5.728840238418552E-004
          11   90.5683277209335       9.202736613367407E-004
          12   88.7753810751211       1.431750321856424E-003
          13   86.8047167811488       1.953758698716104E-003
          14   84.6497693161444       2.583823334882677E-003
          15   82.3064483339245       3.238799035033383E-003
          16   79.7737184552477       4.002984087022748E-003
          17   77.0541665042337       4.988421841553200E-003
          18   74.1544981412689       6.172374630658209E-003
          19   71.0858876617323       7.928100549833993E-003
          20   67.8641433419238       1.057099019539994E-002
          21   64.5096604430966       1.450995314806145E-002
          22   61.0471004582044       2.000129391255076E-002
          23   57.5047969381737       2.530271104769741E-002
          24   53.9139200864628       3.086128304083570E-002
          25   50.3074226792622       3.881376282740550E-002
          26   46.7188553907442       4.627286134074411E-002
          27   43.1811403178477       5.132201857851915E-002
          28   39.7253921020927       5.689472831498055E-002
          29   36.3798705172704       5.675243955287663E-002
          30   33.1691410675722       5.043993078916277E-002
          31   30.1134948852151       4.295919507046311E-002
          32   27.2286363015048       3.524818804667383E-002
          33   24.5256204001092       2.820391115392878E-002
          34   22.0109371521345       2.141334224824523E-002
          35   19.6868328057542       1.550045395046660E-002
          36   17.5518919608348       1.093546193678374E-002
          37   15.6016519616747       7.678960433455291E-003
          38   13.8291943172722       4.950748720969442E-003
          39   12.2257305010218       2.579183414174381E-003
          40   10.7811396093628       1.019557811007698E-003
          41   9.48444617104762       1.313764934501962E-003
          42   8.32423555156817       1.408110776206231E-003
          43   7.28899188610806       2.260969166193651E-003
          44   6.36744072072844       3.661439651935973E-003
          45   5.54891765133637       4.643351012673783E-003
          46   4.82345163649048       6.164964869944332E-003
          47   4.18168862358133       8.128965471403325E-003
          48   3.61492857596243       1.020409247253898E-002
          49   3.11515193106151       9.558793095507272E-003
          50   2.67502150328609       8.981662468997757E-003
          51   2.28786764029471       9.436924993671112E-003
          52   1.94765948261730       9.061306158205882E-003
          53   1.64897200541825       8.337699809961812E-003
          54   1.38694320525960       7.756655572048506E-003
          55   1.15723006331523       7.282619880034039E-003
          56  0.955967631039691       6.935161578327209E-003
          57  0.779722531596860       6.339418838331243E-003
          58  0.625452421032079       5.497421085230614E-003
          59  0.490464676355272       5.128616210822686E-003
          60  0.372378469254306       4.927341510578376E-003
          61  0.269083787099982       4.470171827408499E-003
          62  0.178689388225722       4.660367254442609E-003
          63  9.938258918294017E-002  4.294488658401692E-003
          64  4.065807297735977E-002  5.167103898532676E-003
 model level, layer pressure, jacobian wv
           1   100.930016190072      -2.978307274697434E-003
           2   100.354786085820      -8.944287628769813E-003
           3   99.7034237843065      -1.430662249735448E-002
           4   98.9670498457964      -2.137691868881575E-002
           5   98.1361037562144      -3.063836961110825E-002
           6   97.2003974831519      -4.411148460208003E-002
           7   96.1492408850884      -7.426255987908771E-002
           8   94.9715823060026      -0.120520655147916     
           9   93.6562065508496      -0.189665448217533     
          10   92.1920070494949      -0.320167835191642     
          11   90.5683277209335      -0.420893072828823     
          12   88.7753810751211      -0.543666427156670     
          13   86.8047167811488      -0.664955607024883     
          14   84.6497693161444      -0.744296672517663     
          15   82.3064483339245      -0.903292774820031     
          16   79.7737184552477       -1.22205201850265     
          17   77.0541665042337       -1.69494796598278     
          18   74.1544981412689       -2.38657930485201     
          19   71.0858876617323       -3.80219968947103     
          20   67.8641433419238       -5.83756381014603     
          21   64.5096604430966       -10.5486278951878     
          22   61.0471004582044       -15.6218816405165     
          23   57.5047969381737       -20.4970772953271     
          24   53.9139200864628       -26.9587294184382     
          25   50.3074226792622       -41.0683351842853     
          26   46.7188553907442       -65.5400820056527     
          27   43.1811403178477       -94.3590429528172     
          28   39.7253921020927       -150.908289055116     
          29   36.3798705172704       -230.080059779900     
          30   33.1691410675722       -279.495345448290     
          31   30.1134948852151       -249.028664970104     
          32   27.2286363015048       -293.879945510927     
          33   24.5256204001092       -392.012890819655     
          34   22.0109371521345       -483.491622503060     
          35   19.6868328057542       -501.741235465676     
          36   17.5518919608348       -446.728398227652     
          37   15.6016519616747       -391.948139642941     
          38   13.8291943172722       -259.679464534768     
          39   12.2257305010218       -42.7378508795942     
          40   10.7811396093628       -8.36890750104953     
          41   9.48444617104762       -1.89623628287339     
          42   8.32423555156817      -0.486769019978414     
          43   7.28899188610806      -0.131617289395243     
          44   6.36744072072844      -3.816516665086302E-002
          45   5.54891765133637      -1.242083153386402E-002
          46   4.82345163649048      -3.963420955319860E-003
          47   4.18168862358133      -1.167814125470631E-003
          48   3.61492857596243      -2.135591749125876E-004
          49   3.11515193106151      -9.100075055354728E-005
          50   2.67502150328609      -2.760408943834682E-005
          51   2.28786764029471       1.818415134158374E-005
          52   1.94765948261730       2.601224905340773E-005
          53   1.64897200541825       2.024563431815391E-005
          54   1.38694320525960       1.686987945545827E-005
          55   1.15723006331523       1.807079630054493E-005
          56  0.955967631039691       1.769088142348434E-005
          57  0.779722531596860       1.530311676460162E-005
          58  0.625452421032079       1.346667365413645E-005
          59  0.490464676355272       1.408507445045140E-005
          60  0.372378469254306       1.667306168939383E-005
          61  0.269083787099982       1.774380041351395E-005
          62  0.178689388225722       1.833395466617754E-005
          63  9.938258918294017E-002  2.248416219169352E-005
          64  4.065807297735977E-002  1.220969660657415E-005
