 jacobian for channel i, lat, lon
         386   4.63061000000000        238.922250000000     
 model level, layer pressure, jacobian virtual temp
           1   100.930016190072       3.040160982283231E-004
           2   100.354786085820       3.639686985407900E-004
           3   99.7034237843065       4.464248664501441E-004
           4   98.9670498457964       5.548865104132597E-004
           5   98.1361037562144       6.355022404114895E-004
           6   97.2003974831519       8.058371955163018E-004
           7   96.1492408850884       1.011996899541218E-003
           8   94.9715823060026       1.223483319322967E-003
           9   93.6562065508496       1.585584817816517E-003
          10   92.1920070494949       1.925785231067786E-003
          11   90.5683277209335       2.551520244939334E-003
          12   88.7753810751211       3.486400122431010E-003
          13   86.8047167811488       4.700861547582353E-003
          14   84.6497693161444       6.597896410832237E-003
          15   82.3064483339245       9.234875953366598E-003
          16   79.7737184552477       1.262521319404730E-002
          17   77.0541665042337       1.696102792886647E-002
          18   74.1544981412689       2.223763646280073E-002
          19   71.0858876617323       2.812096791552446E-002
          20   67.8641433419238       3.529222283373905E-002
          21   64.5096604430966       4.171346402550478E-002
          22   61.0471004582044       4.989863943496966E-002
          23   57.5047969381737       5.754019109830459E-002
          24   53.9139200864628       6.429220771214386E-002
          25   50.3074226792622       6.859359021628195E-002
          26   46.7188553907442       6.609165191341670E-002
          27   43.1811403178477       6.218012925199878E-002
          28   39.7253921020927       5.584708782586880E-002
          29   36.3798705172704       4.304989634380202E-002
          30   33.1691410675722       2.864301882383930E-002
          31   30.1134948852151       1.851762852568385E-002
          32   27.2286363015048       9.552344011050130E-003
          33   24.5256204001092       4.238303421341168E-003
          34   22.0109371521345       1.735670179430717E-003
          35   19.6868328057542       1.234708752516204E-003
          36   17.5518919608348       1.663412128604860E-003
          37   15.6016519616747       2.158633652876640E-003
          38   13.8291943172722       2.289954131292009E-003
          39   12.2257305010218       2.218428189357717E-003
          40   10.7811396093628       2.496531838805395E-003
          41   9.48444617104762       2.654554908602925E-003
          42   8.32423555156817       2.341763528230801E-003
          43   7.28899188610806       1.596056542127602E-003
          44   6.36744072072844       7.763377532584618E-004
          45   5.54891765133637       3.068439562967994E-004
          46   4.82345163649048      -3.707033748697078E-005
          47   4.18168862358133      -2.426662940793839E-004
          48   3.61492857596243      -2.425629705977244E-004
          49   3.11515193106151      -2.155685681902278E-004
          50   2.67502150328609      -1.620575839555332E-004
          51   2.28786764029471      -9.004602198584527E-006
          52   1.94765948261730       8.750925507874535E-005
          53   1.64897200541825       1.516068568040408E-004
          54   1.38694320525960       2.059020784503299E-004
          55   1.15723006331523       2.533204127544284E-004
          56  0.955967631039691       2.993652171133334E-004
          57  0.779722531596860       2.719991151393159E-004
          58  0.625452421032079       2.227265875677167E-004
          59  0.490464676355272       2.829952458566196E-004
          60  0.372378469254306       5.074439760693277E-004
          61  0.269083787099982       7.739002474772039E-004
          62  0.178689388225722       2.929658448003670E-003
          63  9.938258918294017E-002  5.786784700264638E-003
          64  4.065807297735977E-002  4.275191037359577E-003
 model level, layer pressure, jacobian wv
           1   100.930016190072      -5.528425775302456E-002
           2   100.354786085820      -6.815575971033598E-002
           3   99.7034237843065      -8.447280222735663E-002
           4   98.9670498457964      -0.105362321118966     
           5   98.1361037562144      -0.121493400003591     
           6   97.2003974831519      -0.154181421073899     
           7   96.1492408850884      -0.195442119602583     
           8   94.9715823060026      -0.239513987934177     
           9   93.6562065508496      -0.310708115721101     
          10   92.1920070494949      -0.383525672578126     
          11   90.5683277209335      -0.499758985309575     
          12   88.7753810751211      -0.669908278065113     
          13   86.8047167811488      -0.885339757157370     
          14   84.6497693161444       -1.21508118177275     
          15   82.3064483339245       -1.67736275364644     
          16   79.7737184552477       -2.27453175457433     
          17   77.0541665042337       -3.03556771491791     
          18   74.1544981412689       -3.95868149789423     
          19   71.0858876617323       -5.00242625975747     
          20   67.8641433419238       -6.27176358519277     
          21   64.5096604430966       -7.51779215982299     
          22   61.0471004582044       -9.01660036229914     
          23   57.5047969381737       -10.2906619194338     
          24   53.9139200864628       -11.3248359639751     
          25   50.3074226792622       -12.0549241718472     
          26   46.7188553907442       -11.5910083232183     
          27   43.1811403178477       -10.6972852421391     
          28   39.7253921020927       -9.55039495422058     
          29   36.3798705172704       -7.29968210270527     
          30   33.1691410675722       -4.75335005627718     
          31   30.1134948852151       -2.92210775213991     
          32   27.2286363015048       -1.51346235113665     
          33   24.5256204001092      -0.764948712983019     
          34   22.0109371521345      -0.431717141579218     
          35   19.6868328057542      -0.324416155561539     
          36   17.5518919608348      -0.318661651741015     
          37   15.6016519616747      -0.337164881439375     
          38   13.8291943172722      -0.232825605516018     
          39   12.2257305010218      -3.639067735579808E-002
          40   10.7811396093628      -8.444829723323843E-003
          41   9.48444617104762      -2.257770305172005E-003
          42   8.32423555156817      -5.773864691052389E-004
          43   7.28899188610806      -1.321736830336842E-004
          44   6.36744072072844      -2.464789964524727E-005
          45   5.54891765133637      -4.138596954402916E-006
          46   4.82345163649048       2.361314016226767E-007
          47   4.18168862358133       8.068172531368500E-007
          48   3.61492857596243       4.547147828095539E-007
          49   3.11515193106151       2.368313899868626E-007
          50   2.67502150328609       1.114448921152506E-007
          51   2.28786764029471       4.179470660507501E-009
          52   1.94765948261730      -2.839205450979496E-008
          53   1.64897200541825      -3.578856452570980E-008
          54   1.38694320525960      -3.686977313023678E-008
          55   1.15723006331523      -3.577636373218144E-008
          56  0.955967631039691      -3.450348334427419E-008
          57  0.779722531596860      -2.609934473098449E-008
          58  0.625452421032079      -1.818678711386461E-008
          59  0.490464676355272      -2.029629833278855E-008
          60  0.372378469254306      -3.305988937849785E-008
          61  0.269083787099982      -4.589297882517545E-008
          62  0.178689388225722      -1.672195033291801E-007
          63  9.938258918294017E-002 -3.061870397247798E-007
          64  4.065807297735977E-002 -2.017035367173507E-007
