 jacobian for channel i, lat, lon
          64   4.63061000000000        238.922250000000     
 model level, layer pressure, jacobian virtual temp
           1   100.930016190072       2.314818709047552E-007
           2   100.354786085820       3.310696731476470E-007
           3   99.7034237843065       4.952784216863238E-007
           4   98.9670498457964       7.735745842725766E-007
           5   98.1361037562144       1.216429836252160E-006
           6   97.2003974831519       2.073107062609396E-006
           7   96.1492408850884       3.601168712245951E-006
           8   94.9715823060026       5.992708488882625E-006
           9   93.6562065508496       1.131004086066311E-005
          10   92.1920070494949       2.142922296016006E-005
          11   90.5683277209335       4.081486011925228E-005
          12   88.7753810751211       7.692650506944257E-005
          13   86.8047167811488       1.361069633853429E-004
          14   84.6497693161444       2.399875614301209E-004
          15   82.3064483339245       4.113569652989056E-004
          16   79.7737184552477       6.894187654660589E-004
          17   77.0541665042337       1.150550574589929E-003
          18   74.1544981412689       1.856283400174049E-003
          19   71.0858876617323       2.971990618368203E-003
          20   67.8641433419238       4.822253631185473E-003
          21   64.5096604430966       7.572486053103709E-003
          22   61.0471004582044       1.185259685376171E-002
          23   57.5047969381737       1.714476201363139E-002
          24   53.9139200864628       2.375297561414626E-002
          25   50.3074226792622       3.206806326644904E-002
          26   46.7188553907442       4.029035121360937E-002
          27   43.1811403178477       4.839134502184260E-002
          28   39.7253921020927       5.565315926412820E-002
          29   36.3798705172704       5.829536562706429E-002
          30   33.1691410675722       5.594782599273937E-002
          31   30.1134948852151       5.167605315728226E-002
          32   27.2286363015048       4.284893761374164E-002
          33   24.5256204001092       3.322963330675525E-002
          34   22.0109371521345       2.373557683462241E-002
          35   19.6868328057542       1.577928540041846E-002
          36   17.5518919608348       9.858581149438285E-003
          37   15.6016519616747       5.640506327140295E-003
          38   13.8291943172722       2.252246148558622E-003
          39   12.2257305010218      -4.547696800451167E-004
          40   10.7811396093628      -2.015263353179912E-003
          41   9.48444617104762      -1.225416295946514E-003
          42   8.32423555156817      -7.504756724311043E-004
          43   7.28899188610806       3.279046254810923E-004
          44   6.36744072072844       2.106974747047909E-003
          45   5.54891765133637       3.424460477831996E-003
          46   4.82345163649048       5.347913484626807E-003
          47   4.18168862358133       7.746031474059528E-003
          48   3.61492857596243       1.029872579820631E-002
          49   3.11515193106151       9.656472659538808E-003
          50   2.67502150328609       9.123163247743952E-003
          51   2.28786764029471       9.788639049336778E-003
          52   1.94765948261730       9.504403364577682E-003
          53   1.64897200541825       8.773235446408923E-003
          54   1.38694320525960       8.198077463724916E-003
          55   1.15723006331523       7.788661719021896E-003
          56  0.955967631039691       7.497064329126981E-003
          57  0.779722531596860       6.888072153006511E-003
          58  0.625452421032079       5.998787487037474E-003
          59  0.490464676355272       5.671923398528996E-003
          60  0.372378469254306       5.621290433073963E-003
          61  0.269083787099982       5.261176478085883E-003
          62  0.178689388225722       5.862873161360688E-003
          63  9.938258918294017E-002  5.779558641397273E-003
          64  4.065807297735977E-002  6.370035993424034E-003
 model level, layer pressure, jacobian wv
           1   100.930016190072      -4.209416373286844E-005
           2   100.354786085820      -8.257362898671166E-005
           3   99.7034237843065      -1.316240483651321E-004
           4   98.9670498457964      -2.117025958701436E-004
           5   98.1361037562144      -3.299171802509645E-004
           6   97.2003974831519      -5.353810821244244E-004
           7   96.1492408850884      -9.940473751041381E-004
           8   94.9715823060026      -1.702241542964869E-003
           9   93.6562065508496      -3.142590971275206E-003
          10   92.1920070494949      -6.083558162992534E-003
          11   90.5683277209335      -1.029548041557795E-002
          12   88.7753810751211      -1.759358559387067E-002
          13   86.8047167811488      -2.955048555514328E-002
          14   84.6497693161444      -4.875805218944112E-002
          15   82.3064483339245      -8.384865795580741E-002
          16   79.7737184552477      -0.147217709123543     
          17   77.0541665042337      -0.254685727798893     
          18   74.1544981412689      -0.434594595355438     
          19   71.0858876617323      -0.774545690216059     
          20   67.8641433419238       -1.32541392935606     
          21   64.5096604430966       -2.47800173375679     
          22   61.0471004582044       -4.01262145008836     
          23   57.5047969381737       -5.80095526114325     
          24   53.9139200864628       -7.90995251547055     
          25   50.3074226792622       -11.2338679177276     
          26   46.7188553907442       -15.1754198848736     
          27   43.1811403178477       -17.9448747746190     
          28   39.7253921020927       -21.3090547591928     
          29   36.3798705172704       -23.3008946576676     
          30   33.1691410675722       -22.3230258267812     
          31   30.1134948852151       -18.7775025793749     
          32   27.2286363015048       -16.0637988437671     
          33   24.5256204001092       -13.5624171724690     
          34   22.0109371521345       -10.2793450853620     
          35   19.6868328057542       -5.00246604893356     
          36   17.5518919608348        1.37959248941793     
          37   15.6016519616747        7.97853606369209     
          38   13.8291943172722        10.9384484245529     
          39   12.2257305010218        2.93428565474748     
          40   10.7811396093628       0.801052991772193     
          41   9.48444617104762       0.209580589314133     
          42   8.32423555156817       5.812689910460316E-002
          43   7.28899188610806       1.620416880928188E-002
          44   6.36744072072844       4.266358728013167E-003
          45   5.54891765133637       1.217453118125956E-003
          46   4.82345163649048       6.044026178991538E-004
          47   4.18168862358133       2.961987146501576E-004
          48   3.61492857596243       2.688778659264537E-004
          49   3.11515193106151       1.403419670825989E-004
          50   2.67502150328609       8.918115963827454E-005
          51   2.28786764029471       7.606031481166468E-005
          52   1.94765948261730       5.967394449009733E-005
          53   1.64897200541825       4.081974595617339E-005
          54   1.38694320525960       3.079042659755342E-005
          55   1.15723006331523       3.217188300634848E-005
          56  0.955967631039691       3.177787585135710E-005
          57  0.779722531596860       2.815162698970955E-005
          58  0.625452421032079       2.637977476303062E-005
          59  0.490464676355272       3.164121223848149E-005
          60  0.372378469254306       4.480249027880041E-005
          61  0.269083787099982       5.365412775935135E-005
          62  0.178689388225722       6.649122090355772E-005
          63  9.938258918294017E-002  8.321662276608996E-005
          64  4.065807297735977E-002  3.654017814025080E-005
