 jacobian for channel i, lat, lon
         385   4.63061000000000        238.922250000000     
 model level, layer pressure, jacobian virtual temp
           1   100.930016190072       7.478204009128873E-005
           2   100.354786085820       9.324300638978653E-005
           3   99.7034237843065       1.231455817382637E-004
           4   98.9670498457964       1.674157972443933E-004
           5   98.1361037562144       1.766867914384412E-004
           6   97.2003974831519       2.421178771696515E-004
           7   96.1492408850884       3.208098884550349E-004
           8   94.9715823060026       3.744356818762988E-004
           9   93.6562065508496       5.160741383703388E-004
          10   92.1920070494949       6.347568078556841E-004
          11   90.5683277209335       8.948947210293616E-004
          12   88.7753810751211       1.302726226013742E-003
          13   86.8047167811488       1.886378770671726E-003
          14   84.6497693161444       2.866691119552154E-003
          15   82.3064483339245       4.350846599271612E-003
          16   79.7737184552477       6.467737336171504E-003
          17   77.0541665042337       9.470640196668273E-003
          18   74.1544981412689       1.354423378478442E-002
          19   71.0858876617323       1.864982837913747E-002
          20   67.8641433419238       2.549251709063164E-002
          21   64.5096604430966       3.261098363959124E-002
          22   61.0471004582044       4.214229301007075E-002
          23   57.5047969381737       5.226094069227928E-002
          24   53.9139200864628       6.247095147838317E-002
          25   50.3074226792622       7.091380660882954E-002
          26   46.7188553907442       7.215314071750270E-002
          27   43.1811403178477       7.133686842385323E-002
          28   39.7253921020927       6.696538897234719E-002
          29   36.3798705172704       5.358395755656654E-002
          30   33.1691410675722       3.672155353025704E-002
          31   30.1134948852151       2.430609139873632E-002
          32   27.2286363015048       1.262961916293084E-002
          33   24.5256204001092       5.255623647477283E-003
          34   22.0109371521345       1.394356503584552E-003
          35   19.6868328057542       2.243828107799419E-004
          36   17.5518919608348       4.929855793482309E-004
          37   15.6016519616747       1.160410468385244E-003
          38   13.8291943172722       1.518738174871406E-003
          39   12.2257305010218       1.575035984566867E-003
          40   10.7811396093628       1.970862539785471E-003
          41   9.48444617104762       2.483918942317673E-003
          42   8.32423555156817       2.323912350399762E-003
          43   7.28899188610806       1.562436772859894E-003
          44   6.36744072072844       7.227391871801385E-004
          45   5.54891765133637       2.863597561242121E-004
          46   4.82345163649048       1.144145370691788E-005
          47   4.18168862358133      -9.042934465078112E-005
          48   3.61492857596243       4.797887435008536E-005
          49   3.11515193106151       2.910593988580952E-005
          50   2.67502150328609       4.082989901858620E-005
          51   2.28786764029471       2.187225807365880E-004
          52   1.94765948261730       2.580702709141749E-004
          53   1.64897200541825       2.597635748883126E-004
          54   1.38694320525960       2.841326856739709E-004
          55   1.15723006331523       3.446507911621967E-004
          56  0.955967631039691       4.305857695752126E-004
          57  0.779722531596860       4.423244272877073E-004
          58  0.625452421032079       4.378084444987951E-004
          59  0.490464676355272       5.837284514987040E-004
          60  0.372378469254306       1.000245259009097E-003
          61  0.269083787099982       1.412037147699247E-003
          62  0.178689388225722       4.237403706385204E-003
          63  9.938258918294017E-002  8.085046910152223E-003
          64  4.065807297735977E-002  8.502762742523227E-003
 model level, layer pressure, jacobian wv
           1   100.930016190072      -1.359885086282139E-002
           2   100.354786085820      -7.023982531221801E-003
           3   99.7034237843065      -6.317347227812853E-003
           4   98.9670498457964      -1.199129353528504E-002
           5   98.1361037562144      -1.099759757303303E-002
           6   97.2003974831519      -1.976638638686835E-002
           7   96.1492408850884      -3.296637010384408E-002
           8   94.9715823060026      -4.258109174416594E-002
           9   93.6562065508496      -6.979625179732332E-002
          10   92.1920070494949      -0.100542949295582     
          11   90.5683277209335      -0.157122988269911     
          12   88.7753810751211      -0.243377042166190     
          13   86.8047167811488      -0.363791860571005     
          14   84.6497693161444      -0.551211476420248     
          15   82.3064483339245      -0.826631006947996     
          16   79.7737184552477       -1.21493663981113     
          17   77.0541665042337       -1.77349254386622     
          18   74.1544981412689       -2.56830937210448     
          19   71.0858876617323       -3.54775617775694     
          20   67.8641433419238       -4.79316638104901     
          21   64.5096604430966       -6.05345773372558     
          22   61.0471004582044       -7.82654062055246     
          23   57.5047969381737       -9.69662119132023     
          24   53.9139200864628       -11.5755735976677     
          25   50.3074226792622       -13.0783988095542     
          26   46.7188553907442       -13.3546970787658     
          27   43.1811403178477       -13.2755756457629     
          28   39.7253921020927       -12.5167646347026     
          29   36.3798705172704       -10.3125882003417     
          30   33.1691410675722       -7.56946427476782     
          31   30.1134948852151       -5.51679807747927     
          32   27.2286363015048       -3.59855814493041     
          33   24.5256204001092       -2.33106905133805     
          34   22.0109371521345       -1.62973543224179     
          35   19.6868328057542       -1.33114980513369     
          36   17.5518919608348       -1.23508409040221     
          37   15.6016519616747       -1.20587923178343     
          38   13.8291943172722      -0.836439660508314     
          39   12.2257305010218      -0.143823940106857     
          40   10.7811396093628      -3.039290024538551E-002
          41   9.48444617104762      -7.566987581366320E-003
          42   8.32423555156817      -2.010387374329527E-003
          43   7.28899188610806      -5.540718254418892E-004
          44   6.36744072072844      -1.620163236286053E-004
          45   5.54891765133637      -5.465275773334013E-005
          46   4.82345163649048      -2.027559952334771E-005
          47   4.18168862358133      -8.348378773794810E-006
          48   3.61492857596243      -4.058926618045592E-006
          49   3.11515193106151      -2.090828463937640E-006
          50   2.67502150328609      -1.154602202589854E-006
          51   2.28786764029471      -7.448345970303549E-007
          52   1.94765948261730      -4.698299108113691E-007
          53   1.64897200541825      -3.082325894937223E-007
          54   1.38694320525960      -2.151113957480933E-007
          55   1.15723006331523      -1.585187775783273E-007
          56  0.955967631039691      -1.258627278726169E-007
          57  0.779722531596860      -9.750658941300031E-008
          58  0.625452421032079      -7.574110568651609E-008
          59  0.490464676355272      -7.115171439602166E-008
          60  0.372378469254306      -8.568707946504101E-008
          61  0.269083787099982      -9.796057386915258E-008
          62  0.178689388225722      -2.481442739700039E-007
          63  9.938258918294017E-002 -4.335092951384122E-007
          64  4.065807297735977E-002 -4.111314071808926E-007
