 jacobian for channel i, lat, lon
         387   4.63061000000000        238.922250000000     
 model level, layer pressure, jacobian virtual temp
           1   100.930016190072       8.364315095330488E-004
           2   100.354786085820       9.781698206270751E-004
           3   99.7034237843065       1.169602433343265E-003
           4   98.9670498457964       1.414354844578303E-003
           5   98.1361037562144       1.587666320039169E-003
           6   97.2003974831519       1.948082368092011E-003
           7   96.1492408850884       2.357246468540910E-003
           8   94.9715823060026       2.731473413713048E-003
           9   93.6562065508496       3.393680557138833E-003
          10   92.1920070494949       3.975674281780882E-003
          11   90.5683277209335       5.036962516134363E-003
          12   88.7753810751211       6.568911472000237E-003
          13   86.8047167811488       8.437310035324322E-003
          14   84.6497693161444       1.122707632355570E-002
          15   82.3064483339245       1.483843021318705E-002
          16   79.7737184552477       1.913041434172079E-002
          17   77.0541665042337       2.419591888972381E-002
          18   74.1544981412689       2.983652836226116E-002
          19   71.0858876617323       3.552545451048082E-002
          20   67.8641433419238       4.194380730493141E-002
          21   64.5096604430966       4.682570533451090E-002
          22   61.0471004582044       5.291606819445865E-002
          23   57.5047969381737       5.793599659217540E-002
          24   53.9139200864628       6.169246171627418E-002
          25   50.3074226792622       6.289550067761455E-002
          26   46.7188553907442       5.826783496403290E-002
          27   43.1811403178477       5.282915488031201E-002
          28   39.7253921020927       4.586320311099792E-002
          29   36.3798705172704       3.443756526862839E-002
          30   33.1691410675722       2.258266986361008E-002
          31   30.1134948852151       1.455653508844965E-002
          32   27.2286363015048       7.828512187207946E-003
          33   24.5256204001092       4.113517042140689E-003
          34   22.0109371521345       2.590563907954239E-003
          35   19.6868328057542       2.466030685018938E-003
          36   17.5518919608348       2.823092415941301E-003
          37   15.6016519616747       3.009639477608919E-003
          38   13.8291943172722       2.904474524967932E-003
          39   12.2257305010218       2.721702315583865E-003
          40   10.7811396093628       2.815548710813080E-003
          41   9.48444617104762       2.621807867476853E-003
          42   8.32423555156817       2.189328444782571E-003
          43   7.28899188610806       1.511017473459125E-003
          44   6.36744072072844       7.627767174450776E-004
          45   5.54891765133637       3.014529602666554E-004
          46   4.82345163649048      -5.345112458295859E-005
          47   4.18168862358133      -3.044845935860191E-004
          48   3.61492857596243      -4.049885227555137E-004
          49   3.11515193106151      -3.798094795854695E-004
          50   2.67502150328609      -3.419212430910458E-004
          51   2.28786764029471      -2.769137589905290E-004
          52   1.94765948261730      -1.967392114039654E-004
          53   1.64897200541825      -1.132944548753822E-004
          54   1.38694320525960      -4.173678441724475E-005
          55   1.15723006331523       2.517592952877461E-005
          56  0.955967631039691       9.056402806051139E-005
          57  0.779722531596860       1.208002522380448E-004
          58  0.625452421032079       1.558849056563495E-004
          59  0.490464676355272       2.758602930887579E-004
          60  0.372378469254306       5.535060719374147E-004
          61  0.269083787099982       8.740450975408210E-004
          62  0.178689388225722       3.005535633160843E-003
          63  9.938258918294017E-002  4.867899130065054E-003
          64  4.065807297735977E-002  2.654566777380321E-003
 model level, layer pressure, jacobian wv
           1   100.930016190072      -0.152102126944107     
           2   100.354786085820      -0.174027108160598     
           3   99.7034237843065      -0.206828865687157     
           4   98.9670498457964      -0.252604815652355     
           5   98.1361037562144      -0.286018894226343     
           6   97.2003974831519      -0.354032889325857     
           7   96.1492408850884      -0.437697855511947     
           8   94.9715823060026      -0.520821652692260     
           9   93.6562065508496      -0.657175537165741     
          10   92.1920070494949      -0.798726987716031     
          11   90.5683277209335       -1.01031701389179     
          12   88.7753810751211       -1.30709587060522     
          13   86.8047167811488       -1.66110223537535     
          14   84.6497693161444       -2.16867745441313     
          15   82.3064483339245       -2.83264585469570     
          16   79.7737184552477       -3.63468108917325     
          17   77.0541665042337       -4.59058265535543     
          18   74.1544981412689       -5.68887909775841     
          19   71.0858876617323       -6.82546325717039     
          20   67.8641433419238       -8.05851334008645     
          21   64.5096604430966       -9.11964895774714     
          22   61.0471004582044       -10.3508378721769     
          23   57.5047969381737       -11.3287448849481     
          24   53.9139200864628       -12.0310105635347     
          25   50.3074226792622       -12.3121916760599     
          26   46.7188553907442       -11.5801286725785     
          27   43.1811403178477       -10.6190260350108     
          28   39.7253921020927       -9.37203164155811     
          29   36.3798705172704       -7.38952624267332     
          30   33.1691410675722       -5.33369739064846     
          31   30.1134948852151       -3.89511515624323     
          32   27.2286363015048       -2.58623962696470     
          33   24.5256204001092       -1.63392753498430     
          34   22.0109371521345       -1.05853087204143     
          35   19.6868328057542      -0.762811979615707     
          36   17.5518919608348      -0.588947286016340     
          37   15.6016519616747      -0.429447429927457     
          38   13.8291943172722      -0.196517376626134     
          39   12.2257305010218      -1.988219809691373E-002
          40   10.7811396093628      -2.715336303689320E-003
          41   9.48444617104762      -2.481503155722126E-004
          42   8.32423555156817       7.269863275167862E-005
          43   7.28899188610806       7.884637054931519E-005
          44   6.36744072072844       4.988008997387569E-005
          45   5.54891765133637       2.537375518907136E-005
          46   4.82345163649048       1.303756636158196E-005
          47   4.18168862358133       6.918033385915455E-006
          48   3.61492857596243       3.711587202257332E-006
          49   3.11515193106151       1.998614476483771E-006
          50   2.67502150328609       1.124339552336259E-006
          51   2.28786764029471       6.589821292988479E-007
          52   1.94765948261730       3.915166027403245E-007
          53   1.64897200541825       2.380063628840171E-007
          54   1.38694320525960       1.491850323236828E-007
          55   1.15723006331523       9.348928093226613E-008
          56  0.955967631039691       5.859799978568823E-008
          57  0.779722531596860       3.889977125830034E-008
          58  0.625452421032079       2.447326634652317E-008
          59  0.490464676355272       8.763695627163780E-009
          60  0.372378469254306      -1.365610286762971E-008
          61  0.269083787099982      -3.367696593988368E-008
          62  0.178689388225722      -1.580974824576964E-007
          63  9.938258918294017E-002 -2.422021052235072E-007
          64  4.065807297735977E-002 -1.017814836689120E-007
