 jacobian for channel i, lat, lon
         376   4.63061000000000        238.922250000000     
 model level, layer pressure, jacobian virtual temp
           1   100.930016190072       4.670216292505854E-033
           2   100.354786085820       5.306108240410226E-033
           3   99.7034237843065       6.000561055427912E-033
           4   98.9670498457964       6.751970326945002E-033
           5   98.1361037562144       7.270141401742804E-033
           6   97.2003974831519       8.152202975891892E-033
           7   96.1492408850884       9.028943745737722E-033
           8   94.9715823060026       9.754338385611941E-033
           9   93.6562065508496       1.076168258756981E-032
          10   92.1920070494949       1.148310714088959E-032
          11   90.5683277209335       1.254821622755735E-032
          12   88.7753810751211       1.388533915453445E-032
          13   86.8047167811488       1.491689704252962E-032
          14   84.6497693161444       1.628676897730477E-032
          15   82.3064483339245       1.755308057462455E-032
          16   79.7737184552477       1.848543935029745E-032
          17   77.0541665042337       1.912397778130500E-032
          18   74.1544981412689       1.949339788876203E-032
          19   71.0858876617323       1.950950830163395E-032
          20   67.8641433419238       1.944051585657781E-032
          21   64.5096604430966       1.926416150832355E-032
          22   61.0471004582044       1.953196260506026E-029
          23   57.5047969381737       3.267174643249233E-022
          24   53.9139200864628       8.788490487623018E-013
          25   50.3074226792622       5.911391020824555E-008
          26   46.7188553907442       1.042358842038229E-005
          27   43.1811403178477       1.906538549842132E-004
          28   39.7253921020927       1.269302741399901E-003
          29   36.3798705172704       4.737633117131682E-003
          30   33.1691410675722       1.189805365386088E-002
          31   30.1134948852151       2.351679798698987E-002
          32   27.2286363015048       3.341489695484629E-002
          33   24.5256204001092       3.750968936114546E-002
          34   22.0109371521345       3.363799401192168E-002
          35   19.6868328057542       2.539082491748611E-002
          36   17.5518919608348       1.709142193486017E-002
          37   15.6016519616747       1.037160880849528E-002
          38   13.8291943172722       4.782937295441626E-003
          39   12.2257305010218       7.990907432081186E-004
          40   10.7811396093628      -1.386703972045857E-003
          41   9.48444617104762      -6.720238188007191E-004
          42   8.32423555156817      -3.686751305539986E-004
          43   7.28899188610806       5.112986957146571E-004
          44   6.36744072072844       2.342365306456484E-003
          45   5.54891765133637       3.871603339510844E-003
          46   4.82345163649048       7.138792217502509E-003
          47   4.18168862358133       1.381595508008914E-002
          48   3.61492857596243       2.328525239997337E-002
          49   3.11515193106151       2.067243151560166E-002
          50   2.67502150328609       1.876077290005652E-002
          51   2.28786764029471       2.374499996159540E-002
          52   1.94765948261730       2.303322054908672E-002
          53   1.64897200541825       2.048192627178598E-002
          54   1.38694320525960       1.896714693451049E-002
          55   1.15723006331523       1.871461144427582E-002
          56  0.955967631039691       1.978647563519425E-002
          57  0.779722531596860       1.856058502443532E-002
          58  0.625452421032079       1.621811885976458E-002
          59  0.490464676355272       1.766121329551128E-002
          60  0.372378469254306       2.354981575781165E-002
          61  0.269083787099982       2.518367375295086E-002
          62  0.178689388225722       4.358633592131733E-002
          63  9.938258918294017E-002  3.794373706022003E-002
          64  4.065807297735977E-002  8.741563840493186E-002
 model level, layer pressure, jacobian wv
           1   100.930016190072      -8.492624001883023E-031
           2   100.354786085820      -9.632281161716754E-031
           3   99.7034237843065      -1.087245769349745E-030
           4   98.9670498457964      -1.220788957454638E-030
           5   98.1361037562144      -1.311324958652107E-030
           6   97.2003974831519      -1.466422905890630E-030
           7   96.1492408850884      -1.619146341592148E-030
           8   94.9715823060026      -1.743202555174451E-030
           9   93.6562065508496      -1.915831399373435E-030
          10   92.1920070494949      -2.035586404747086E-030
          11   90.5683277209335      -2.217996495822983E-030
          12   88.7753810751211      -2.452444935978162E-030
          13   86.8047167811488      -2.631417924792081E-030
          14   84.6497693161444      -2.872109559364769E-030
          15   82.3064483339245      -3.092537413292153E-030
          16   79.7737184552477      -3.247572948811563E-030
          17   77.0541665042337      -3.345437427961176E-030
          18   74.1544981412689      -3.392936408124211E-030
          19   71.0858876617323      -3.372954331524992E-030
          20   67.8641433419238      -3.333321187358855E-030
          21   64.5096604430966      -3.274409175069954E-030
          22   61.0471004582044      -3.290034984836075E-027
          23   57.5047969381737      -5.454074263401236E-020
          24   53.9139200864628      -1.453765522245819E-010
          25   50.3074226792622      -9.679124194505918E-006
          26   46.7188553907442      -1.682697204868198E-003
          27   43.1811403178477      -3.037074242672392E-002
          28   39.7253921020927      -0.199435614828032     
          29   36.3798705172704      -0.730248838428551     
          30   33.1691410675722       -1.79165934681584     
          31   30.1134948852151       -3.46580895563239     
          32   27.2286363015048       -4.80074813678239     
          33   24.5256204001092       -5.24686095513494     
          34   22.0109371521345       -4.57542439244455     
          35   19.6868328057542       -3.35988955720208     
          36   17.5518919608348       -2.20498800917694     
          37   15.6016519616747       -1.30722897291825     
          38   13.8291943172722      -0.426132400003674     
          39   12.2257305010218      -1.278297650883592E-002
          40   10.7811396093628       4.695570119987462E-003
          41   9.48444617104762       5.715409211243225E-004
          42   8.32423555156817       9.090073754727391E-005
          43   7.28899188610806      -4.234200353130240E-005
          44   6.36744072072844      -7.436761224573230E-005
          45   5.54891765133637      -5.221874330826724E-005
          46   4.82345163649048      -4.547282615930862E-005
          47   4.18168862358133      -4.593530786576031E-005
          48   3.61492857596243      -4.365113298879952E-005
          49   3.11515193106151      -2.271147751896654E-005
          50   2.67502150328609      -1.290153944550479E-005
          51   2.28786764029471      -1.102120099084887E-005
          52   1.94765948261730      -7.473043311559812E-006
          53   1.64897200541825      -4.834997278098745E-006
          54   1.38694320525960      -3.396344561776555E-006
          55   1.15723006331523      -2.643058799947232E-006
          56  0.955967631039691      -2.280499849327368E-006
          57  0.779722531596860      -1.780958392873337E-006
          58  0.625452421032079      -1.324293961986977E-006
          59  0.490464676355272      -1.266654684885844E-006
          60  0.372378469254306      -1.534266521139846E-006
          61  0.269083787099982      -1.493414442044541E-006
          62  0.178689388225722      -2.487827702122755E-006
          63  9.938258918294017E-002 -2.007657296466012E-006
          64  4.065807297735977E-002 -4.124270301981555E-006
