 jacobian for channel i, lat, lon
          34   4.63061000000000        238.922250000000     
 model level, layer pressure, jacobian virtual temp
           1   100.930016190072       1.478685554605428E-153
           2   100.354786085820       1.478851938071135E-153
           3   99.7034237843065       1.478905438850136E-153
           4   98.9670498457964       1.478932700659047E-153
           5   98.1361037562144       1.478948859642260E-153
           6   97.2003974831519       1.478960496638286E-153
           7   96.1492408850884       1.478972150383861E-153
           8   94.9715823060026       1.478988465543019E-153
           9   93.6562065508496       1.479021013846604E-153
          10   92.1920070494949       1.479101806701766E-153
          11   90.5683277209335       1.267145343240078E-035
          12   88.7753810751211       4.303212336328854E-035
          13   86.8047167811488       1.393284362010014E-036
          14   84.6497693161444       1.249231787791577E-036
          15   82.3064483339245       4.140017695773218E-029
          16   79.7737184552477       4.184118519883128E-026
          17   77.0541665042337       1.629518864308750E-027
          18   74.1544981412689       1.080559394784860E-027
          19   71.0858876617323       8.979570790514965E-028
          20   67.8641433419238       1.011679134149628E-027
          21   64.5096604430966       1.428997888760294E-027
          22   61.0471004582044       1.573266774523828E-027
          23   57.5047969381737       1.106639505630312E-027
          24   53.9139200864628       6.565526361300858E-028
          25   50.3074226792622       9.302733327881885E-021
          26   46.7188553907442       2.102503591681719E-017
          27   43.1811403178477       5.729695386532502E-010
          28   39.7253921020927       1.314230785113941E-005
          29   36.3798705172704       3.344571814604616E-004
          30   33.1691410675722       1.363872584720477E-003
          31   30.1134948852151       3.396883722456380E-003
          32   27.2286363015048       6.753881951603951E-003
          33   24.5256204001092       1.161211278129228E-002
          34   22.0109371521345       1.736562633501519E-002
          35   19.6868328057542       2.316464063124872E-002
          36   17.5518919608348       2.825967825230279E-002
          37   15.6016519616747       3.203436196330980E-002
          38   13.8291943172722       3.370113173151769E-002
          39   12.2257305010218       3.317291478079708E-002
          40   10.7811396093628       3.108932888535415E-002
          41   9.48444617104762       3.102596672656307E-002
          42   8.32423555156817       2.996043418858228E-002
          43   7.28899188610806       3.123976634115841E-002
          44   6.36744072072844       3.452303913280481E-002
          45   5.54891765133637       3.624925511427182E-002
          46   4.82345163649048       3.921363068082688E-002
          47   4.18168862358133       4.450935874227404E-002
          48   3.61492857596243       4.912438169421326E-002
          49   3.11515193106151       4.595879424243755E-002
          50   2.67502150328609       4.248219249637872E-002
          51   2.28786764029471       4.313803776179552E-002
          52   1.94765948261730       4.017684936590264E-002
          53   1.64897200541825       3.668549076197441E-002
          54   1.38694320525960       3.385032789246595E-002
          55   1.15723006331523       3.102367713192473E-002
          56  0.955967631039691       2.932509518034289E-002
          57  0.779722531596860       2.688809702005601E-002
          58  0.625452421032079       2.347939574410176E-002
          59  0.490464676355272       2.202481029441484E-002
          60  0.372378469254306       2.126803714203549E-002
          61  0.269083787099982       1.961141758853770E-002
          62  0.178689388225722       2.033741731031253E-002
          63  9.938258918294017E-002  1.936132568354039E-002
          64  4.065807297735977E-002  1.985474654563482E-002
 model level, layer pressure, jacobian wv
           1   100.930016190072      -2.688937652080711E-151
           2   100.354786085820      -2.684588594624979E-151
           3   99.7034237843065      -2.679638898438762E-151
           4   98.9670498457964      -2.673981996896647E-151
           5   98.1361037562144      -2.667599493668798E-151
           6   97.2003974831519      -2.660362549351869E-151
           7   96.1492408850884      -2.652217594933127E-151
           8   94.9715823060026      -2.643107477192969E-151
           9   93.6562065508496      -2.633003599207925E-151
          10   92.1920070494949      -2.621972861541827E-151
          11   90.5683277209335      -7.136487515712402E-033
          12   88.7753810751211      -1.799815322144925E-032
          13   86.8047167811488      -8.836100012817063E-034
          14   84.6497693161444      -2.202972587490021E-034
          15   82.3064483339245      -7.293967324675202E-027
          16   79.7737184552477      -7.531542484312792E-024
          17   77.0541665042337      -1.053559891981855E-024
          18   74.1544981412689      -1.745097062073798E-024
          19   71.0858876617323      -2.797199552365721E-024
          20   67.8641433419238      -4.117290876188924E-024
          21   64.5096604430966      -6.834026764933430E-024
          22   61.0471004582044      -8.680359409086919E-024
          23   57.5047969381737      -8.731408873623277E-024
          24   53.9139200864628      -7.998149161126597E-024
          25   50.3074226792622      -1.526803890613729E-018
          26   46.7188553907442      -3.398449995097549E-015
          27   43.1811403178477      -9.294665139878151E-008
          28   39.7253921020927      -2.098568401051684E-003
          29   36.3798705172704      -5.244913680839741E-002
          30   33.1691410675722      -0.211280645190456     
          31   30.1134948852151      -0.518917946794918     
          32   27.2286363015048       -1.02610169871883     
          33   24.5256204001092       -1.75777885249850     
          34   22.0109371521345       -2.62420124223484     
          35   19.6868328057542       -3.47074542786353     
          36   17.5518919608348       -4.17807839601667     
          37   15.6016519616747       -4.67199707215474     
          38   13.8291943172722       -3.52450679387058     
          39   12.2257305010218      -0.635628441169391     
          40   10.7811396093628      -0.128977020917830     
          41   9.48444617104762      -3.178646904725633E-002
          42   8.32423555156817      -8.675265663687100E-003
          43   7.28899188610806      -2.878452330744603E-003
          44   6.36744072072844      -1.151477354546327E-003
          45   5.54891765133637      -4.973130049150463E-004
          46   4.82345163649048      -2.465129378639010E-004
          47   4.18168862358133      -1.437357246460397E-004
          48   3.61492857596243      -8.875142700276353E-005
          49   3.11515193106151      -4.890591174579623E-005
          50   2.67502150328609      -2.836498017852600E-005
          51   2.28786764029471      -1.940014384411833E-005
          52   1.94765948261730      -1.257499075852540E-005
          53   1.64897200541825      -8.371678523448990E-006
          54   1.38694320525960      -5.923847116016040E-006
          55   1.15723006331523      -4.344197407495631E-006
          56  0.955967631039691      -3.379890505519098E-006
          57  0.779722531596860      -2.580014692059426E-006
          58  0.625452421032079      -1.917215078017257E-006
          59  0.490464676355272      -1.579610000533369E-006
          60  0.372378469254306      -1.385609029512680E-006
          61  0.269083787099982      -1.162974653460032E-006
          62  0.178689388225722      -1.160822287644526E-006
          63  9.938258918294017E-002 -1.024435382211382E-006
          64  4.065807297735977E-002 -9.367470515082647E-007
