 jacobian for channel i, lat, lon
         390   4.63061000000000        238.922250000000     
 model level, layer pressure, jacobian virtual temp
           1   100.930016190072       3.529341261632193E-003
           2   100.354786085820       4.058590406894934E-003
           3   99.7034237843065       4.708194530898132E-003
           4   98.9670498457964       5.477668207885427E-003
           5   98.1361037562144       6.039994573369211E-003
           6   97.2003974831519       7.064503909349658E-003
           7   96.1492408850884       8.159052337023721E-003
           8   94.9715823060026       9.111209060218981E-003
           9   93.6562065508496       1.064255350435753E-002
          10   92.1920070494949       1.183739058071812E-002
          11   90.5683277209335       1.384070279023190E-002
          12   88.7753810751211       1.651367462813249E-002
          13   86.8047167811488       1.920061383867298E-002
          14   84.6497693161444       2.297541810395683E-002
          15   82.3064483339245       2.725299967662552E-002
          16   79.7737184552477       3.156151251673133E-002
          17   77.0541665042337       3.586656297304905E-002
          18   74.1544981412689       3.986580080249777E-002
          19   71.0858876617323       4.301897021389419E-002
          20   67.8641433419238       4.589103674319372E-002
          21   64.5096604430966       4.692955430152889E-002
          22   61.0471004582044       4.815433674451650E-002
          23   57.5047969381737       4.781664879676110E-002
          24   53.9139200864628       4.669745151871572E-002
          25   50.3074226792622       4.406567050715129E-002
          26   46.7188553907442       3.840016135058636E-002
          27   43.1811403178477       3.293963468574959E-002
          28   39.7253921020927       2.746116900608373E-002
          29   36.3798705172704       2.078818631081010E-002
          30   33.1691410675722       1.473329705301600E-002
          31   30.1134948852151       1.086904312723825E-002
          32   27.2286363015048       7.948521403537778E-003
          33   24.5256204001092       6.347998236554415E-003
          34   22.0109371521345       5.504475351241765E-003
          35   19.6868328057542       4.960804392992861E-003
          36   17.5518919608348       4.438099334644256E-003
          37   15.6016519616747       3.862032094513627E-003
          38   13.8291943172722       3.377586020091578E-003
          39   12.2257305010218       2.988363829583162E-003
          40   10.7811396093628       2.552699018306738E-003
          41   9.48444617104762       1.906423012865007E-003
          42   8.32423555156817       1.418624346393571E-003
          43   7.28899188610806       1.046314968124298E-003
          44   6.36744072072844       6.778625850379717E-004
          45   5.54891765133637       4.182905013439239E-004
          46   4.82345163649048       1.587544862716436E-004
          47   4.18168862358133      -5.381162879650838E-005
          48   3.61492857596243      -1.970782409367775E-004
          49   3.11515193106151      -2.183567453362122E-004
          50   2.67502150328609      -2.325727089694744E-004
          51   2.28786764029471      -2.681615054563361E-004
          52   1.94765948261730      -2.442948304870699E-004
          53   1.64897200541825      -1.720092900106511E-004
          54   1.38694320525960      -1.021178421249761E-004
          55   1.15723006331523      -5.746935987090273E-005
          56  0.955967631039691      -4.709742989379405E-005
          57  0.779722531596860      -4.624485856975436E-005
          58  0.625452421032079      -4.970063530787506E-005
          59  0.490464676355272      -5.039936237193917E-005
          60  0.372378469254306      -8.140963953745780E-005
          61  0.269083787099982      -7.494772885978394E-005
          62  0.178689388225722       3.655471372707462E-004
          63  9.938258918294017E-002  4.637935070513659E-004
          64  4.065807297735977E-002 -1.308666965831623E-005
 model level, layer pressure, jacobian wv
           1   100.930016190072      -0.641798290102130     
           2   100.354786085820      -0.785829126784417     
           3   99.7034237843065      -0.937099830719056     
           4   98.9670498457964       -1.10686037125122     
           5   98.1361037562144       -1.24674445798029     
           6   97.2003974831519       -1.48039343682835     
           7   96.1492408850884       -1.76360827153384     
           8   94.9715823060026       -2.05912796258505     
           9   93.6562065508496       -2.45599770985038     
          10   92.1920070494949       -2.87587419163764     
          11   90.5683277209335       -3.31876525746160     
          12   88.7753810751211       -3.85577158923850     
          13   86.8047167811488       -4.32155516013602     
          14   84.6497693161444       -4.88782419615897     
          15   82.3064483339245       -5.55313161704318     
          16   79.7737184552477       -6.25385926216926     
          17   77.0541665042337       -6.97075543944464     
          18   74.1544981412689       -7.63732633309345     
          19   71.0858876617323       -8.29980558779807     
          20   67.8641433419238       -9.00571160047090     
          21   64.5096604430966       -9.77234880551055     
          22   61.0471004582044       -10.3631267977596     
          23   57.5047969381737       -10.1741630809488     
          24   53.9139200864628       -9.65336196247403     
          25   50.3074226792622       -9.23043886704457     
          26   46.7188553907442       -8.16880702894852     
          27   43.1811403178477       -6.76241500301643     
          28   39.7253921020927       -5.65726121964411     
          29   36.3798705172704       -4.24567858731778     
          30   33.1691410675722       -2.85187103013596     
          31   30.1134948852151       -1.86184641835777     
          32   27.2286363015048       -1.32061705164020     
          33   24.5256204001092       -1.09771560132756     
          34   22.0109371521345      -0.981190076870563     
          35   19.6868328057542      -0.844227531416430     
          36   17.5518919608348      -0.692165690370866     
          37   15.6016519616747      -0.560731214733309     
          38   13.8291943172722      -0.333300771298263     
          39   12.2257305010218      -4.876384603718335E-002
          40   10.7811396093628      -8.633525434266860E-003
          41   9.48444617104762      -1.621507975107718E-003
          42   8.32423555156817      -3.497767782598167E-004
          43   7.28899188610806      -8.664812260717754E-005
          44   6.36744072072844      -2.152141757779665E-005
          45   5.54891765133637      -5.641746429716755E-006
          46   4.82345163649048      -1.011237606627855E-006
          47   4.18168862358133       1.789129829386849E-007
          48   3.61492857596243       3.694479388310082E-007
          49   3.11515193106151       2.398945817803451E-007
          50   2.67502150328609       1.599372261847773E-007
          51   2.28786764029471       1.244667026499469E-007
          52   1.94765948261730       7.926055521108719E-008
          53   1.64897200541825       4.060479653980690E-008
          54   1.38694320525960       1.828569046040716E-008
          55   1.15723006331523       8.116379962597804E-009
          56  0.955967631039691       5.428237133118386E-009
          57  0.779722531596860       4.437369236401543E-009
          58  0.625452421032079       4.058315999176930E-009
          59  0.490464676355272       3.614620773528685E-009
          60  0.372378469254306       5.303824272975580E-009
          61  0.269083787099982       4.444467545745774E-009
          62  0.178689388225722      -2.086475670208953E-008
          63  9.938258918294017E-002 -2.453997657129654E-008
          64  4.065807297735977E-002  6.174291466433041E-010
