 jacobian for channel i, lat, lon
         391   4.63061000000000        238.922250000000     
 model level, layer pressure, jacobian virtual temp
           1   100.930016190072       4.346958252411949E-003
           2   100.354786085820       4.993972993721479E-003
           3   99.7034237843065       5.770223719932614E-003
           4   98.9670498457964       6.674994007967262E-003
           5   98.1361037562144       7.331362823618360E-003
           6   97.2003974831519       8.512288446733055E-003
           7   96.1492408850884       9.764837004508638E-003
           8   94.9715823060026       1.085182658553781E-002
           9   93.6562065508496       1.255388595047773E-002
          10   92.1920070494949       1.386981702265627E-002
          11   90.5683277209335       1.598713827958512E-002
          12   88.7753810751211       1.876049680827757E-002
          13   86.8047167811488       2.138562718263966E-002
          14   84.6497693161444       2.503689486699964E-002
          15   82.3064483339245       2.905059934930928E-002
          16   79.7737184552477       3.294681503664376E-002
          17   77.0541665042337       3.669823563471409E-002
          18   74.1544981412689       4.004363215119464E-002
          19   71.0858876617323       4.251800932271828E-002
          20   67.8641433419238       4.456040446350515E-002
          21   64.5096604430966       4.498752009480988E-002
          22   61.0471004582044       4.536310796385133E-002
          23   57.5047969381737       4.412742242862638E-002
          24   53.9139200864628       4.233598068268585E-002
          25   50.3074226792622       3.947092369997506E-002
          26   46.7188553907442       3.433819109926288E-002
          27   43.1811403178477       2.951100704856870E-002
          28   39.7253921020927       2.475799735801646E-002
          29   36.3798705172704       1.914157702947158E-002
          30   33.1691410675722       1.404890498492993E-002
          31   30.1134948852151       1.071308525868185E-002
          32   27.2286363015048       8.136718329330777E-003
          33   24.5256204001092       6.540683513656798E-003
          34   22.0109371521345       5.511768590005365E-003
          35   19.6868328057542       4.748387882093880E-003
          36   17.5518919608348       4.090152071463460E-003
          37   15.6016519616747       3.481905517335792E-003
          38   13.8291943172722       2.982214113795950E-003
          39   12.2257305010218       2.583590242291365E-003
          40   10.7811396093628       2.133904557785281E-003
          41   9.48444617104762       1.562263454604331E-003
          42   8.32423555156817       1.137352644919331E-003
          43   7.28899188610806       8.350488621988287E-004
          44   6.36744072072844       5.689162520531860E-004
          45   5.54891765133637       3.906451436162055E-004
          46   4.82345163649048       2.013434154687126E-004
          47   4.18168862358133       4.109747906757976E-005
          48   3.61492857596243      -8.482598108449846E-005
          49   3.11515193106151      -1.362448779384210E-004
          50   2.67502150328609      -1.694389322633757E-004
          51   2.28786764029471      -2.195631786305343E-004
          52   1.94765948261730      -2.213236240745605E-004
          53   1.64897200541825      -1.745181394474514E-004
          54   1.38694320525960      -1.293433073925187E-004
          55   1.15723006331523      -1.007705645220524E-004
          56  0.955967631039691      -8.591957860391120E-005
          57  0.779722531596860      -7.314741703120044E-005
          58  0.625452421032079      -5.239205801085375E-005
          59  0.490464676355272      -2.760293043041176E-005
          60  0.372378469254306      -5.264424672759746E-006
          61  0.269083787099982       2.543124823776145E-005
          62  0.178689388225722       3.932304110881824E-004
          63  9.938258918294017E-002  4.308642480577862E-004
          64  4.065807297735977E-002  1.411661066188462E-004
 model level, layer pressure, jacobian wv
           1   100.930016190072      -0.790479063011639     
           2   100.354786085820      -0.970829536859416     
           3   99.7034237843065       -1.15592164225139     
           4   98.9670498457964       -1.36141197397512     
           5   98.1361037562144       -1.53253787844071     
           6   97.2003974831519       -1.81277945049197     
           7   96.1492408850884       -2.15585213399032     
           8   94.9715823060026       -2.52104166335561     
           9   93.6562065508496       -2.99292670990751     
          10   92.1920070494949       -3.50808045124279     
          11   90.5683277209335       -4.00405069538433     
          12   88.7753810751211       -4.58338996979195     
          13   86.8047167811488       -5.04046092591688     
          14   84.6497693161444       -5.56018000784921     
          15   82.3064483339245       -6.16061420852442     
          16   79.7737184552477       -6.78535589879298     
          17   77.0541665042337       -7.41634946126182     
          18   74.1544981412689       -7.99735867722296     
          19   71.0858876617323       -8.59537271446084     
          20   67.8641433419238       -9.21138540133397     
          21   64.5096604430966       -9.94429168664423     
          22   61.0471004582044       -10.4322288484396     
          23   57.5047969381737       -10.0943884204828     
          24   53.9139200864628       -9.46825128845805     
          25   50.3074226792622       -8.99846611066216     
          26   46.7188553907442       -8.02656172273640     
          27   43.1811403178477       -6.78627508891958     
          28   39.7253921020927       -5.79653354660933     
          29   36.3798705172704       -4.60917338445511     
          30   33.1691410675722       -3.47044800696354     
          31   30.1134948852151       -2.63733398002308     
          32   27.2286363015048       -2.04034545787169     
          33   24.5256204001092       -1.60971490747355     
          34   22.0109371521345       -1.27571911348301     
          35   19.6868328057542      -0.970055455044537     
          36   17.5518919608348      -0.691931734649785     
          37   15.6016519616747      -0.461364121325551     
          38   13.8291943172722      -0.207153233053187     
          39   12.2257305010218      -2.095557150051037E-002
          40   10.7811396093628      -1.518171434540418E-003
          41   9.48444617104762       2.796241323250868E-004
          42   8.32423555156817       2.088884753091600E-004
          43   7.28899188610806       9.226618846654471E-005
          44   6.36744072072844       3.980176137115004E-005
          45   5.54891765133637       1.741409264696471E-005
          46   4.82345163649048       8.340832501484726E-006
          47   4.18168862358133       4.249134903976913E-006
          48   3.61492857596243       2.303872724621298E-006
          49   3.11515193106151       1.291604897785561E-006
          50   2.67502150328609       7.563527546449216E-007
          51   2.28786764029471       4.799751371867271E-007
          52   1.94765948261730       3.042132687677958E-007
          53   1.64897200541825       1.911412181800804E-007
          54   1.38694320525960       1.237719473567324E-007
          55   1.15723006331523       8.295092766885675E-008
          56  0.955967631039691       5.864240948546242E-008
          57  0.779722531596860       4.264567650405558E-008
          58  0.625452421032079       3.051521101047437E-008
          59  0.490464676355272       2.200767582970390E-008
          60  0.372378469254306       1.585311445812928E-008
          61  0.269083787099982       1.086240393559481E-008
          62  0.178689388225722      -1.364156998417461E-008
          63  9.938258918294017E-002 -1.288296293137847E-008
          64  4.065807297735977E-002  3.145794298025263E-008
