 jacobian for channel i, lat, lon
          50   4.63061000000000        238.922250000000     
 model level, layer pressure, jacobian virtual temp
           1   100.930016190072       1.953757244771288E-045
           2   100.354786085820      -7.584238326769011E-045
           3   99.7034237843065      -1.196403028748872E-044
           4   98.9670498457964      -8.044283920267248E-045
           5   98.1361037562144      -5.666257225156687E-045
           6   97.2003974831519       9.956897180330352E-046
           7   96.1492408850884      -1.693402843705379E-044
           8   94.9715823060026       3.265038539284537E-043
           9   93.6562065508496       1.512568961804067E-042
          10   92.1920070494949       3.785059652350413E-045
          11   90.5683277209335       1.271996005442865E-040
          12   88.7753810751211       4.239119269179469E-036
          13   86.8047167811488       1.780647326030798E-042
          14   84.6497693161444       3.546934164794169E-037
          15   82.3064483339245       3.950501694324114E-037
          16   79.7737184552477       1.206482301088179E-037
          17   77.0541665042337       2.166209426006514E-028
          18   74.1544981412689       4.447885222990946E-018
          19   71.0858876617323       4.759530552149422E-013
          20   67.8641433419238       1.018863500371980E-009
          21   64.5096604430966       1.561231168632081E-007
          22   61.0471004582044       5.689832997048943E-006
          23   57.5047969381737       7.715326020773353E-005
          24   53.9139200864628       4.267020184124158E-004
          25   50.3074226792622       1.422206312002211E-003
          26   46.7188553907442       3.597223156769656E-003
          27   43.1811403178477       7.824670060620360E-003
          28   39.7253921020927       1.508759304372009E-002
          29   36.3798705172704       2.514886150193565E-002
          30   33.1691410675722       3.653692216373784E-002
          31   30.1134948852151       4.822468765293832E-002
          32   27.2286363015048       5.500205808216502E-002
          33   24.5256204001092       5.665312001105986E-002
          34   22.0109371521345       5.270315118644470E-002
          35   19.6868328057542       4.533793610003090E-002
          36   17.5518919608348       3.702044326216108E-002
          37   15.6016519616747       2.890535093974691E-002
          38   13.8291943172722       2.069241311191987E-002
          39   12.2257305010218       1.312053497115275E-002
          40   10.7811396093628       7.426328427190338E-003
          41   9.48444617104762       6.701940864106032E-003
          42   8.32423555156817       6.010796500932119E-003
          43   7.28899188610806       7.501940603584603E-003
          44   6.36744072072844       1.067717567120387E-002
          45   5.54891765133637       1.270450665448588E-002
          46   4.82345163649048       1.595274705862553E-002
          47   4.18168862358133       2.027008036362997E-002
          48   3.61492857596243       2.429194087139567E-002
          49   3.11515193106151       2.177751916032896E-002
          50   2.67502150328609       1.946639000799974E-002
          51   2.28786764029471       1.992807838283114E-002
          52   1.94765948261730       1.835189242490430E-002
          53   1.64897200541825       1.624167090969255E-002
          54   1.38694320525960       1.462096237291488E-002
          55   1.15723006331523       1.340605110723993E-002
          56  0.955967631039691       1.268516809199612E-002
          57  0.779722531596860       1.147099185194907E-002
          58  0.625452421032079       9.879309487204401E-003
          59  0.490464676355272       9.411575860538634E-003
          60  0.372378469254306       9.609450604669809E-003
          61  0.269083787099982       9.236528473834072E-003
          62  0.178689388225722       1.058464009356361E-002
          63  9.938258918294017E-002  1.107228969945340E-002
          64  4.065807297735977E-002  1.280817836990667E-002
 model level, layer pressure, jacobian wv
           1   100.930016190072      -3.552838804794326E-043
           2   100.354786085820      -1.079722405607519E-042
           3   99.7034237843065      -1.490528843679981E-042
           4   98.9670498457964      -1.396146642355889E-042
           5   98.1361037562144      -6.533490812767298E-043
           6   97.2003974831519      -2.944531050470735E-043
           7   96.1492408850884      -6.955176643066301E-042
           8   94.9715823060026      -8.390935239805030E-041
           9   93.6562065508496      -2.934940981698721E-040
          10   92.1920070494949      -3.792819003234632E-042
          11   90.5683277209335      -2.288573996564483E-038
          12   88.7753810751211      -7.487190862072543E-034
          13   86.8047167811488      -3.665050762952276E-040
          14   84.6497693161444      -1.061243485198612E-034
          15   82.3064483339245      -1.499604985072288E-034
          16   79.7737184552477      -5.080559203085313E-035
          17   77.0541665042337      -3.789440760409609E-026
          18   74.1544981412689      -7.850685249573117E-016
          19   71.0858876617323      -8.497336645961810E-011
          20   67.8641433419238      -1.778010051770676E-007
          21   64.5096604430966      -2.757047554473250E-005
          22   61.0471004582044      -9.865018707484400E-004
          23   57.5047969381737      -1.328988451593848E-002
          24   53.9139200864628      -7.421211057593835E-002
          25   50.3074226792622      -0.253748866606483     
          26   46.7188553907442      -0.655499970866459     
          27   43.1811403178477       -1.41126737695412     
          28   39.7253921020927       -2.73820305641290     
          29   36.3798705172704       -4.60348061032964     
          30   33.1691410675722       -6.62096405344537     
          31   30.1134948852151       -8.47684542300019     
          32   27.2286363015048       -9.98033436044833     
          33   24.5256204001092       -11.0217723632248     
          34   22.0109371521345       -11.3612853761487     
          35   19.6868328057542       -10.7874168629794     
          36   17.5518919608348       -9.64931978777054     
          37   15.6016519616747       -8.33900629651756     
          38   13.8291943172722       -5.02051170283848     
          39   12.2257305010218      -0.748641277357116     
          40   10.7811396093628      -0.131460279597889     
          41   9.48444617104762      -2.857611174557952E-002
          42   8.32423555156817      -6.733278712244205E-003
          43   7.28899188610806      -1.913318549672146E-003
          44   6.36744072072844      -6.673802936085904E-004
          45   5.54891765133637      -2.631323869955048E-004
          46   4.82345163649048      -1.257671384778250E-004
          47   4.18168862358133      -7.285952541392305E-005
          48   3.61492857596243      -4.587968673339889E-005
          49   3.11515193106151      -2.398001628730770E-005
          50   2.67502150328609      -1.334058770445534E-005
          51   2.28786764029471      -9.095358073521968E-006
          52   1.94765948261730      -5.796478326817065E-006
          53   1.64897200541825      -3.729095806041482E-006
          54   1.38694320525960      -2.565018028629636E-006
          55   1.15723006331523      -1.878192309641891E-006
          56  0.955967631039691      -1.461979918282734E-006
          57  0.779722531596860      -1.100685090820939E-006
          58  0.625452421032079      -8.066971278008849E-007
          59  0.490464676355272      -6.749942065950610E-007
          60  0.372378469254306      -6.260540847077083E-007
          61  0.269083787099982      -5.477344232019817E-007
          62  0.178689388225722      -6.041517435487809E-007
          63  9.938258918294017E-002 -5.858506548370062E-007
          64  4.065807297735977E-002 -6.042899261204541E-007
