 jacobian for channel i, lat, lon
         375   4.63061000000000        238.922250000000     
 model level, layer pressure, jacobian virtual temp
           1   100.930016190072       3.044153108617761E-069
           2   100.354786085820       2.828536132996941E-068
           3   99.7034237843065       5.195387447526582E-066
           4   98.9670498457964       3.040072951123414E-065
           5   98.1361037562144       1.479124745801050E-064
           6   97.2003974831519       1.021267997981162E-062
           7   96.1492408850884       8.483214313029409E-061
           8   94.9715823060026       8.301655984425028E-059
           9   93.6562065508496      -1.164196932449664E-054
          10   92.1920070494949       2.632504770726521E-052
          11   90.5683277209335       3.222271662321027E-048
          12   88.7753810751211      -7.202461927194433E-043
          13   86.8047167811488       3.948909075507004E-039
          14   84.6497693161444       4.393287643555415E-035
          15   82.3064483339245       9.169285466257965E-032
          16   79.7737184552477       4.166240441176353E-029
          17   77.0541665042337       6.340055955714646E-027
          18   74.1544981412689       3.606588035231305E-025
          19   71.0858876617323       2.723354657301125E-023
          20   67.8641433419238       5.639089152696276E-021
          21   64.5096604430966       1.532424456802775E-017
          22   61.0471004582044       1.227431278483889E-013
          23   57.5047969381737       1.625479549024588E-010
          24   53.9139200864628       2.476831907391470E-008
          25   50.3074226792622       9.005486272875283E-007
          26   46.7188553907442       7.903249241112047E-006
          27   43.1811403178477       4.538622588587468E-005
          28   39.7253921020927       2.441714843754240E-004
          29   36.3798705172704       1.093421020053869E-003
          30   33.1691410675722       3.625047607547344E-003
          31   30.1134948852151       9.398244890963883E-003
          32   27.2286363015048       1.697050728549216E-002
          33   24.5256204001092       2.329736945178866E-002
          34   22.0109371521345       2.479222200170590E-002
          35   19.6868328057542       2.176379829478297E-002
          36   17.5518919608348       1.684375425137691E-002
          37   15.6016519616747       1.175617631200626E-002
          38   13.8291943172722       6.691832311360995E-003
          39   12.2257305010218       2.621500211297651E-003
          40   10.7811396093628       7.177099706368757E-005
          41   9.48444617104762       3.580115218289274E-004
          42   8.32423555156817       4.063974545181896E-004
          43   7.28899188610806       1.311894597142433E-003
          44   6.36744072072844       3.340656102289286E-003
          45   5.54891765133637       4.954858484144242E-003
          46   4.82345163649048       8.490349836524037E-003
          47   4.18168862358133       1.580559882618753E-002
          48   3.61492857596243       2.608969734531965E-002
          49   3.11515193106151       2.312630737379612E-002
          50   2.67502150328609       2.082986717045986E-002
          51   2.28786764029471       2.605454984718942E-002
          52   1.94765948261730       2.501850328020488E-002
          53   1.64897200541825       2.214394875161663E-002
          54   1.38694320525960       2.048620896542866E-002
          55   1.15723006331523       2.030499036115496E-002
          56  0.955967631039691       2.170116351821661E-002
          57  0.779722531596860       2.073817993083431E-002
          58  0.625452421032079       1.868635570692356E-002
          59  0.490464676355272       2.091488441098516E-002
          60  0.372378469254306       2.861152803156104E-002
          61  0.269083787099982       3.155334472205393E-002
          62  0.178689388225722       5.553988101696128E-002
          63  9.938258918294017E-002  4.851675008703085E-002
          64  4.065807297735977E-002  8.719701109462953E-002
 model level, layer pressure, jacobian wv
           1   100.930016190072      -5.535685316575006E-067
           2   100.354786085820      -2.845418381657432E-065
           3   99.7034237843065      -4.127023871803979E-062
           4   98.9670498457964      -2.246162782458748E-061
           5   98.1361037562144      -4.824338697731656E-061
           6   97.2003974831519      -1.738532849865544E-058
           7   96.1492408850884      -1.498719410016454E-056
           8   94.9715823060026      -5.278328211739127E-056
           9   93.6562065508496      -2.843482388353456E-050
          10   92.1920070494949      -1.610666024590743E-049
          11   90.5683277209335      -1.042820899795227E-045
          12   88.7753810751211      -1.551915907012389E-038
          13   86.8047167811488      -8.731837504757663E-037
          14   84.6497693161444      -1.489541861115973E-032
          15   82.3064483339245      -5.496237976902930E-029
          16   79.7737184552477      -2.735252977316611E-026
          17   77.0541665042337      -2.888366039952406E-024
          18   74.1544981412689      -2.228296055804186E-022
          19   71.0858876617323      -3.192967259425650E-020
          20   67.8641433419238      -4.231868763313575E-018
          21   64.5096604430966      -1.982018023111146E-014
          22   61.0471004582044      -8.809406630154623E-011
          23   57.5047969381737      -9.315181887829679E-008
          24   53.9139200864628      -1.220098959265501E-005
          25   50.3074226792622      -1.071399516187111E-004
          26   46.7188553907442       4.106735902257243E-004
          27   43.1811403178477      -3.202010404205194E-003
          28   39.7253921020927      -2.475500814133262E-002
          29   36.3798705172704      -0.268401197504725     
          30   33.1691410675722       -1.39144348938020     
          31   30.1134948852151       -4.42898358423477     
          32   27.2286363015048       -7.54413582873945     
          33   24.5256204001092       -8.32151854134552     
          34   22.0109371521345       -8.49608151281983     
          35   19.6868328057542       -8.40307405199606     
          36   17.5518919608348       -7.72070911352805     
          37   15.6016519616747       -6.68332964625824     
          38   13.8291943172722       -4.01577940086592     
          39   12.2257305010218      -0.608661883058639     
          40   10.7811396093628      -0.110323937939178     
          41   9.48444617104762      -2.511432314697047E-002
          42   8.32423555156817      -6.544681266389552E-003
          43   7.28899188610806      -2.015927121056550E-003
          44   6.36744072072844      -7.393425716096778E-004
          45   5.54891765133637      -3.007847377607816E-004
          46   4.82345163649048      -1.491720057029142E-004
          47   4.18168862358133      -9.463708819860258E-005
          48   3.61492857596243      -6.891982677003810E-005
          49   3.11515193106151      -3.577500311304104E-005
          50   2.67502150328609      -1.999377112373771E-005
          51   2.28786764029471      -1.538538411373374E-005
          52   1.94765948261730      -1.010827927105774E-005
          53   1.64897200541825      -6.496418893642919E-006
          54   1.38694320525960      -4.511763903131346E-006
          55   1.15723006331523      -3.436748940596483E-006
          56  0.955967631039691      -2.900457493063392E-006
          57  0.779722531596860      -2.279403819988798E-006
          58  0.625452421032079      -1.736857331681631E-006
          59  0.490464676355272      -1.657153290227236E-006
          60  0.372378469254306      -1.977795192546977E-006
          61  0.269083787099982      -1.951356710949647E-006
          62  0.178689388225722      -3.203600888206684E-006
          63  9.938258918294017E-002 -2.595783421502001E-006
          64  4.065807297735977E-002 -4.151069738744723E-006
