 jacobian for channel i, lat, lon
         374   4.63061000000000        238.922250000000     
 model level, layer pressure, jacobian virtual temp
           1   100.930016190072       3.089859199718658E-029
           2   100.354786085820       3.516189140341483E-029
           3   99.7034237843065       3.990854424291703E-029
           4   98.9670498457964       4.479547127426447E-029
           5   98.1361037562144       3.931203611809616E-029
           6   97.2003974831519       4.421227715463794E-029
           7   96.1492408850884       4.742089155849297E-029
           8   94.9715823060026       4.531358217106480E-029
           9   93.6562065508496       4.952503311631173E-029
          10   92.1920070494949       4.906316599944561E-029
          11   90.5683277209335       5.322511491141674E-029
          12   88.7753810751211       5.833685189354695E-029
          13   86.8047167811488       6.239550371240790E-029
          14   84.6497693161444       7.044981942067171E-029
          15   82.3064483339245       8.248106686282689E-029
          16   79.7737184552477       1.024469557856421E-028
          17   77.0541665042337       1.422610597786000E-028
          18   74.1544981412689       2.640304151300677E-028
          19   71.0858876617323       4.161544525341409E-028
          20   67.8641433419238       5.280804625598923E-028
          21   64.5096604430966       3.505420339778308E-028
          22   61.0471004582044       2.470088207407315E-028
          23   57.5047969381737       3.307454815585715E-028
          24   53.9139200864628       6.810776862244597E-028
          25   50.3074226792622       5.901913275329662E-028
          26   46.7188553907442       3.359128254502150E-022
          27   43.1811403178477       6.443129992485869E-011
          28   39.7253921020927       1.330010605755443E-006
          29   36.3798705172704       8.424392800875053E-005
          30   33.1691410675722       7.252517136482040E-004
          31   30.1134948852151       2.960960341220170E-003
          32   27.2286363015048       7.205707536924897E-003
          33   24.5256204001092       1.255095786072909E-002
          34   22.0109371521345       1.629310902382741E-002
          35   19.6868328057542       1.691491534875226E-002
          36   17.5518919608348       1.510928531949764E-002
          37   15.6016519616747       1.198281143597126E-002
          38   13.8291943172722       7.899708519930861E-003
          39   12.2257305010218       4.085356210225342E-003
          40   10.7811396093628       1.374547685669331E-003
          41   9.48444617104762       1.381491933047686E-003
          42   8.32423555156817       1.238607692254790E-003
          43   7.28899188610806       2.183181415105433E-003
          44   6.36744072072844       4.432149214505740E-003
          45   5.54891765133637       6.202930836090523E-003
          46   4.82345163649048       1.010805930654263E-002
          47   4.18168862358133       1.832928671595922E-002
          48   3.61492857596243       2.994034508342597E-002
          49   3.11515193106151       2.681796111374181E-002
          50   2.67502150328609       2.443160217390221E-002
          51   2.28786764029471       3.074407029948337E-002
          52   1.94765948261730       2.979001254183343E-002
          53   1.64897200541825       2.663873160989303E-002
          54   1.38694320525960       2.477286044317665E-002
          55   1.15723006331523       2.437517337652257E-002
          56  0.955967631039691       2.575168647599320E-002
          57  0.779722531596860       2.425838954337770E-002
          58  0.625452421032079       2.138433140035653E-002
          59  0.490464676355272       2.345106752166837E-002
          60  0.372378469254306       3.150004216386396E-002
          61  0.269083787099982       3.431057969426234E-002
          62  0.178689388225722       5.964536556467324E-002
          63  9.938258918294017E-002  4.981128530327845E-002
          64  4.065807297735977E-002  8.113101965845015E-002
 model level, layer pressure, jacobian wv
           1   100.930016190072      -5.618800235029340E-027
           2   100.354786085820      -2.962798572869977E-028
           3   99.7034237843065       2.618267290302170E-027
           4   98.9670498457964       3.231106933727152E-027
           5   98.1361037562144       5.936666529667480E-027
           6   97.2003974831519       6.992079300656371E-027
           7   96.1492408850884       6.104988669503826E-027
           8   94.9715823060026       5.065784863435251E-027
           9   93.6562065508496       2.819065163884275E-027
          10   92.1920070494949      -2.307957863450845E-027
          11   90.5683277209335      -4.980468629007492E-027
          12   88.7753810751211      -7.613037039295209E-027
          13   86.8047167811488      -9.010637143158026E-027
          14   84.6497693161444       4.837476344241003E-027
          15   82.3064483339245       5.081921977134902E-026
          16   79.7737184552477       1.792680114166954E-025
          17   77.0541665042337       5.266485864583864E-025
          18   74.1544981412689       1.827662249948436E-024
          19   71.0858876617323       3.694842793145453E-024
          20   67.8641433419238       5.111854507957937E-024
          21   64.5096604430966       2.838559786730297E-024
          22   61.0471004582044       1.549792050447260E-024
          23   57.5047969381737       7.842093518483407E-024
          24   53.9139200864628       2.392648492529667E-023
          25   50.3074226792622       2.030354050662773E-023
          26   46.7188553907442      -4.793666661888359E-020
          27   43.1811403178477       1.058194665358804E-009
          28   39.7253921020927      -1.111711120455790E-004
          29   36.3798705172704      -1.160329500170671E-002
          30   33.1691410675722      -0.114865582077016     
          31   30.1134948852151      -0.496825834320097     
          32   27.2286363015048       -1.21195471116269     
          33   24.5256204001092       -2.02186634723459     
          34   22.0109371521345       -2.53920028821118     
          35   19.6868328057542       -2.56592603467023     
          36   17.5518919608348       -2.22653669391059     
          37   15.6016519616747       -1.72200872492441     
          38   13.8291943172722      -0.814904021295976     
          39   12.2257305010218      -7.963275694834117E-002
          40   10.7811396093628      -6.724645086884589E-003
          41   9.48444617104762      -1.498954304314129E-003
          42   8.32423555156817      -3.573945860867493E-004
          43   7.28899188610806      -1.876879622989998E-004
          44   6.36744072072844      -1.403023796457527E-004
          45   5.54891765133637      -8.258525927475719E-005
          46   4.82345163649048      -6.347716342566065E-005
          47   4.18168862358133      -6.026828221336641E-005
          48   3.61492857596243      -5.561936039625142E-005
          49   3.11515193106151      -2.917978430289977E-005
          50   2.67502150328609      -1.662552303981258E-005
          51   2.28786764029471      -1.414113157579612E-005
          52   1.94765948261730      -9.573912596408127E-006
          53   1.64897200541825      -6.224610931970169E-006
          54   1.38694320525960      -4.388556698304992E-006
          55   1.15723006331523      -3.402826493613750E-006
          56  0.955967631039691      -2.933903551114574E-006
          57  0.779722531596860      -2.299100057228128E-006
          58  0.625452421032079      -1.721485199858655E-006
          59  0.490464676355272      -1.657591018690529E-006
          60  0.372378469254306      -2.024782454479033E-006
          61  0.269083787099982      -2.003201036608837E-006
          62  0.178689388225722      -3.365744621910431E-006
          63  9.938258918294017E-002 -2.584495949632019E-006
          64  4.065807297735977E-002 -3.798622587372894E-006
