 jacobian for channel i, lat, lon
         380   4.63061000000000        238.922250000000     
 model level, layer pressure, jacobian virtual temp
           1   100.930016190072       7.941410046045978E-065
           2   100.354786085820       9.201081876861016E-065
           3   99.7034237843065       1.047121598760162E-064
           4   98.9670498457964       2.371717235115980E-063
           5   98.1361037562144       6.339323090057255E-060
           6   97.2003974831519       8.387693139067944E-057
           7   96.1492408850884       2.836738228667733E-053
           8   94.9715823060026       2.566656594407457E-049
           9   93.6562065508496       7.509299126000339E-045
          10   92.1920070494949       7.222254739686587E-040
          11   90.5683277209335       2.257307963680073E-034
          12   88.7753810751211      -2.358377912744299E-027
          13   86.8047167811488       1.254717845253443E-023
          14   84.6497693161444       7.215320982196037E-018
          15   82.3064483339245       8.266841543270022E-014
          16   79.7737184552477       6.048619602158866E-011
          17   77.0541665042337       8.143266580762851E-009
          18   74.1544981412689       1.965284310511653E-007
          19   71.0858876617323       3.254764112147009E-006
          20   67.8641433419238       2.428927362768863E-005
          21   64.5096604430966       1.274082331711144E-004
          22   61.0471004582044       5.163522757848822E-004
          23   57.5047969381737       1.637497607380136E-003
          24   53.9139200864628       4.453479639100788E-003
          25   50.3074226792622       1.063267781204289E-002
          26   46.7188553907442       2.116738010360580E-002
          27   43.1811403178477       3.817470708688266E-002
          28   39.7253921020927       6.074369792629634E-002
          29   36.3798705172704       7.751791980802808E-002
          30   33.1691410675722       8.052759710991167E-002
          31   30.1134948852151       7.676474368208722E-002
          32   27.2286363015048       5.799622605102365E-002
          33   24.5256204001092       3.701947804667209E-002
          34   22.0109371521345       1.872500202971514E-002
          35   19.6868328057542       6.755220463670690E-003
          36   17.5518919608348       6.737656563297143E-004
          37   15.6016519616747      -1.714599820874512E-003
          38   13.8291943172722      -2.625454696909855E-003
          39   12.2257305010218      -2.896959427204060E-003
          40   10.7811396093628      -2.494893491012270E-003
          41   9.48444617104762      -8.051947230548731E-004
          42   8.32423555156817      -1.343467940854827E-004
          43   7.28899188610806      -1.808772943761969E-004
          44   6.36744072072844      -1.484477657954797E-004
          45   5.54891765133637       2.219603380399895E-004
          46   4.82345163649048       1.247429413609999E-003
          47   4.18168862358133       3.413371523575964E-003
          48   3.61492857596243       6.691568190819563E-003
          49   3.11515193106151       5.947169769521446E-003
          50   2.67502150328609       5.475216040885271E-003
          51   2.28786764029471       7.281557999137397E-003
          52   1.94765948261730       7.212856976909877E-003
          53   1.64897200541825       6.420143812726764E-003
          54   1.38694320525960       5.932323997544483E-003
          55   1.15723006331523       5.872199805700098E-003
          56  0.955967631039691       6.166587668023563E-003
          57  0.779722531596860       5.632573171153433E-003
          58  0.625452421032079       4.699844233622600E-003
          59  0.490464676355272       4.955826727139132E-003
          60  0.372378469254306       6.504483333773003E-003
          61  0.269083787099982       6.887461933219111E-003
          62  0.178689388225722       1.314131249214391E-002
          63  9.938258918294017E-002  1.552184571608630E-002
          64  4.065807297735977E-002  5.090024437787496E-002
 model level, layer pressure, jacobian wv
           1   100.930016190072      -1.444117474260653E-062
           2   100.354786085820      -2.265050400762156E-062
           3   99.7034237843065      -2.783021582339774E-062
           4   98.9670498457964      -4.357197247366711E-061
           5   98.1361037562144      -1.143436092913310E-057
           6   97.2003974831519      -1.508783010320623E-054
           7   96.1492408850884      -5.087078238991359E-051
           8   94.9715823060026      -4.586884478219528E-047
           9   93.6562065508496      -1.336831014649698E-042
          10   92.1920070494949      -1.280274004182748E-037
          11   90.5683277209335      -3.991349056323034E-032
          12   88.7753810751211       4.001755674048207E-025
          13   86.8047167811488      -2.213571961201880E-021
          14   84.6497693161444      -1.272727759778171E-015
          15   82.3064483339245      -1.457373496465990E-011
          16   79.7737184552477      -1.063318039690915E-008
          17   77.0541665042337      -1.424997860384419E-006
          18   74.1544981412689      -3.422279812534858E-005
          19   71.0858876617323      -5.632893567278553E-004
          20   67.8641433419238      -4.169278066218787E-003
          21   64.5096604430966      -2.171136212097452E-002
          22   61.0471004582044      -8.722059680095993E-002
          23   57.5047969381737      -0.274202700631510     
          24   53.9139200864628      -0.739121679489954     
          25   50.3074226792622       -1.74841310434694     
          26   46.7188553907442       -3.43553027465481     
          27   43.1811403178477       -6.11090680465670     
          28   39.7253921020927       -9.59628386798884     
          29   36.3798705172704       -12.0252190732518     
          30   33.1691410675722       -12.2044990237882     
          31   30.1134948852151       -11.3604917837171     
          32   27.2286363015048       -8.37936316516696     
          33   24.5256204001092       -5.24855738855080     
          34   22.0109371521345       -2.63861301102126     
          35   19.6868328057542      -0.977294956354177     
          36   17.5518919608348      -0.144964949517693     
          37   15.6016519616747       0.177772855424811     
          38   13.8291943172722       0.216456359017577     
          39   12.2257305010218       4.582203421951966E-002
          40   10.7811396093628       8.453516937956419E-003
          41   9.48444617104762       6.847268332321505E-004
          42   8.32423555156817       3.312461746777202E-005
          43   7.28899188610806       1.497892934482173E-005
          44   6.36744072072844       4.713058998523299E-006
          45   5.54891765133637      -2.993718338457377E-006
          46   4.82345163649048      -7.945901651545841E-006
          47   4.18168862358133      -1.134878268543630E-005
          48   3.61492857596243      -1.254418582129775E-005
          49   3.11515193106151      -6.533774820829667E-006
          50   2.67502150328609      -3.765234838695216E-006
          51   2.28786764029471      -3.379722651708296E-006
          52   1.94765948261730      -2.340184798459333E-006
          53   1.64897200541825      -1.515549731389091E-006
          54   1.38694320525960      -1.062269218313342E-006
          55   1.15723006331523      -8.293289667123332E-007
          56  0.955967631039691      -7.107330535801954E-007
          57  0.779722531596860      -5.404667174785931E-007
          58  0.625452421032079      -3.837667854504840E-007
          59  0.490464676355272      -3.554297791652109E-007
          60  0.372378469254306      -4.237659911632092E-007
          61  0.269083787099982      -4.084326703484318E-007
          62  0.178689388225722      -7.500818907839803E-007
          63  9.938258918294017E-002 -8.212830158785542E-007
          64  4.065807297735977E-002 -2.401473810427833E-006
