 jacobian for channel i, lat, lon
         381   4.63061000000000        238.922250000000     
 model level, layer pressure, jacobian virtual temp
           1   100.930016190072       1.625019327442066E-014
           2   100.354786085820       3.675447491724655E-014
           3   99.7034237843065       9.236296974981478E-014
           4   98.9670498457964       2.634670035363755E-013
           5   98.1361037562144       8.552110892170598E-013
           6   97.2003974831519       3.293151195474635E-012
           7   96.1492408850884       1.195675262538765E-011
           8   94.9715823060026       4.110421419148563E-011
           9   93.6562065508496       1.624001580710954E-010
          10   92.1920070494949       4.278899149367492E-010
          11   90.5683277209335       1.438609838676671E-009
          12   88.7753810751211       4.837015500723161E-009
          13   86.8047167811488       1.620753976639483E-008
          14   84.6497693161444       6.540519542994801E-008
          15   82.3064483339245       2.873191371937633E-007
          16   79.7737184552477       1.304091717777389E-006
          17   77.0541665042337       5.939215870662214E-006
          18   74.1544981412689       2.590265110877719E-005
          19   71.0858876617323       1.020938951344118E-004
          20   67.8641433419238       3.752694367346970E-004
          21   64.5096604430966       1.048095485682993E-003
          22   61.0471004582044       2.644512246121263E-003
          23   57.5047969381737       6.031937285808316E-003
          24   53.9139200864628       1.268512490828114E-002
          25   50.3074226792622       2.397142533903441E-002
          26   46.7188553907442       3.874757531742441E-002
          27   43.1811403178477       5.807554951930636E-002
          28   39.7253921020927       7.850796539616922E-002
          29   36.3798705172704       8.673461097728000E-002
          30   33.1691410675722       7.933921251241861E-002
          31   30.1134948852151       6.782739805406951E-002
          32   27.2286363015048       4.615430487396444E-002
          33   24.5256204001092       2.631073608285169E-002
          34   22.0109371521345       1.121369415839384E-002
          35   19.6868328057542       2.460803023988742E-003
          36   17.5518919608348      -1.307888840905888E-003
          37   15.6016519616747      -2.252379920971690E-003
          38   13.8291943172722      -2.273829476599407E-003
          39   12.2257305010218      -2.086292152113772E-003
          40   10.7811396093628      -1.492167536509885E-003
          41   9.48444617104762       4.086911121051687E-005
          42   8.32423555156817       5.591601400015918E-004
          43   7.28899188610806       2.594960067704187E-004
          44   6.36744072072844      -5.985927389313241E-005
          45   5.54891765133637       3.583929285201639E-005
          46   4.82345163649048       6.206085331440203E-004
          47   4.18168862358133       1.970176190215351E-003
          48   3.61492857596243       4.093451958259526E-003
          49   3.11515193106151       3.599344347903429E-003
          50   2.67502150328609       3.273118282340518E-003
          51   2.28786764029471       4.389031504114163E-003
          52   1.94765948261730       4.296432935784625E-003
          53   1.64897200541825       3.766256431701440E-003
          54   1.38694320525960       3.455974627512291E-003
          55   1.15723006331523       3.472422070804162E-003
          56  0.955967631039691       3.736241124889749E-003
          57  0.779722531596860       3.516195684946525E-003
          58  0.625452421032079       3.093452897524604E-003
          59  0.490464676355272       3.458388039820624E-003
          60  0.372378469254306       4.828945393384645E-003
          61  0.269083787099982       5.489451332723552E-003
          62  0.178689388225722       1.127317383975388E-002
          63  9.938258918294017E-002  1.469782537380611E-002
          64  4.065807297735977E-002  3.990667358671694E-002
 model level, layer pressure, jacobian wv
           1   100.930016190072      -2.955040469090008E-012
           2   100.354786085820      -4.277973505762473E-012
           3   99.7034237843065      -4.569329921345025E-012
           4   98.9670498457964       1.906181689902431E-012
           5   98.1361037562144      -5.534785166178572E-011
           6   97.2003974831519      -4.101863174158612E-010
           7   96.1492408850884      -3.898690875377618E-010
           8   94.9715823060026      -3.123432232010345E-009
           9   93.6562065508496      -1.208831032874798E-008
          10   92.1920070494949      -2.403537816638146E-008
          11   90.5683277209335      -1.754440036876007E-007
          12   88.7753810751211      -7.284664545740153E-007
          13   86.8047167811488      -2.534457915553789E-006
          14   84.6497693161444      -1.074481562908836E-005
          15   82.3064483339245      -4.427133811430938E-005
          16   79.7737184552477      -2.022105149760766E-004
          17   77.0541665042337      -1.019177563527821E-003
          18   74.1544981412689      -5.073516855032800E-003
          19   71.0858876617323      -2.004416663188770E-002
          20   67.8641433419238      -6.553500120362778E-002
          21   64.5096604430966      -0.129037736290262     
          22   61.0471004582044      -0.388787034808883     
          23   57.5047969381737      -0.976476943592894     
          24   53.9139200864628       -2.23318200291751     
          25   50.3074226792622       -4.32289257579767     
          26   46.7188553907442       -7.17443210041958     
          27   43.1811403178477       -11.2165385828716     
          28   39.7253921020927       -15.1409837751841     
          29   36.3798705172704       -17.0013716938457     
          30   33.1691410675722       -16.3447676920134     
          31   30.1134948852151       -14.9554706760450     
          32   27.2286363015048       -11.1830119839891     
          33   24.5256204001092       -7.27029895125974     
          34   22.0109371521345       -4.35344217429144     
          35   19.6868328057542       -2.64485063798790     
          36   17.5518919608348       -1.74877764053202     
          37   15.6016519616747       -1.27100533238759     
          38   13.8291943172722      -0.694531017434725     
          39   12.2257305010218      -9.825222687258507E-002
          40   10.7811396093628      -1.767154441395249E-002
          41   9.48444617104762      -4.579846662417793E-003
          42   8.32423555156817      -1.188186529211849E-003
          43   7.28899188610806      -2.998714125982401E-004
          44   6.36744072072844      -8.073744660831775E-005
          45   5.54891765133637      -2.770619112305407E-005
          46   4.82345163649048      -1.373988058914970E-005
          47   4.18168862358133      -1.032643958682932E-005
          48   3.61492857596243      -9.179379061453643E-006
          49   3.11515193106151      -4.637927387646924E-006
          50   2.67502150328609      -2.576022320828936E-006
          51   2.28786764029471      -2.193875933718575E-006
          52   1.94765948261730      -1.472434902130141E-006
          53   1.64897200541825      -9.327070270256018E-007
          54   1.38694320525960      -6.439174490051955E-007
          55   1.15723006331523      -5.032689926177138E-007
          56  0.955967631039691      -4.368733198372548E-007
          57  0.779722531596860      -3.404804791089944E-007
          58  0.625452421032079      -2.536576464181089E-007
          59  0.490464676355272      -2.470287608693578E-007
          60  0.372378469254306      -3.109583122775411E-007
          61  0.269083787099982      -3.196872744544592E-007
          62  0.178689388225722      -6.341714597803022E-007
          63  9.938258918294017E-002 -7.653817907426245E-007
          64  4.065807297735977E-002 -1.944071601633939E-006
