 jacobian for channel i, lat, lon
          72   4.63061000000000        238.922250000000     
 model level, layer pressure, jacobian virtual temp
           1   100.930016190072       1.494519328375182E-004
           2   100.354786085820       1.919781362848470E-004
           3   99.7034237843065       2.484461295266035E-004
           4   98.9670498457964       3.263749247476173E-004
           5   98.1361037562144       4.220022645857170E-004
           6   97.2003974831519       5.754419491350843E-004
           7   96.1492408850884       8.010684450409390E-004
           8   94.9715823060026       1.121888412110088E-003
           9   93.6562065508496       1.632084283293046E-003
          10   92.1920070494949       2.319037179851118E-003
          11   90.5683277209335       3.240257239523807E-003
          12   88.7753810751211       4.446136867753696E-003
          13   86.8047167811488       5.478882014449986E-003
          14   84.6497693161444       6.678273307170931E-003
          15   82.3064483339245       7.903244251717501E-003
          16   79.7737184552477       9.323438191289135E-003
          17   77.0541665042337       1.110663634520268E-002
          18   74.1544981412689       1.318027422506432E-002
          19   71.0858876617323       1.604890421528621E-002
          20   67.8641433419238       2.010786744828996E-002
          21   64.5096604430966       2.522912459586666E-002
          22   61.0471004582044       3.136511000225971E-002
          23   57.5047969381737       3.592823500784670E-002
          24   53.9139200864628       4.027012090244068E-002
          25   50.3074226792622       4.533564283180400E-002
          26   46.7188553907442       4.821178647969811E-002
          27   43.1811403178477       4.961654651668151E-002
          28   39.7253921020927       4.997991509781713E-002
          29   36.3798705172704       4.629914744708708E-002
          30   33.1691410675722       3.948926511053400E-002
          31   30.1134948852151       3.271098349189708E-002
          32   27.2286363015048       2.432972387023890E-002
          33   24.5256204001092       1.700612396725720E-002
          34   22.0109371521345       1.098775250135505E-002
          35   19.6868328057542       6.614845211496165E-003
          36   17.5518919608348       3.695256281742886E-003
          37   15.6016519616747       1.719681381168784E-003
          38   13.8291943172722       3.305902476739036E-005
          39   12.2257305010218      -1.210676500093435E-003
          40   10.7811396093628      -1.526813929372602E-003
          41   9.48444617104762      -5.681666409162110E-004
          42   8.32423555156817      -1.629023467538212E-004
          43   7.28899188610806       4.743869996578674E-004
          44   6.36744072072844       1.496709043542703E-003
          45   5.54891765133637       2.325663851880971E-003
          46   4.82345163649048       3.639968192531640E-003
          47   4.18168862358133       5.290967067188154E-003
          48   3.61492857596243       7.217083305889689E-003
          49   3.11515193106151       7.023734631287288E-003
          50   2.67502150328609       6.878015837215309E-003
          51   2.28786764029471       7.430854138348177E-003
          52   1.94765948261730       7.369890311775145E-003
          53   1.64897200541825       6.951489992698280E-003
          54   1.38694320525960       6.607373569214006E-003
          55   1.15723006331523       6.330713925529552E-003
          56  0.955967631039691       6.076637093179807E-003
          57  0.779722531596860       5.593106469010261E-003
          58  0.625452421032079       4.870234968448727E-003
          59  0.490464676355272       4.518543792677489E-003
          60  0.372378469254306       4.267917098358951E-003
          61  0.269083787099982       3.847129472069241E-003
          62  0.178689388225722       4.103813472341286E-003
          63  9.938258918294017E-002  3.996084327143293E-003
          64  4.065807297735977E-002  3.949227985321273E-003
 model level, layer pressure, jacobian wv
           1   100.930016190072      -2.717730812554494E-002
           2   100.354786085820      -5.936288092621930E-002
           3   99.7034237843065      -8.816407980203922E-002
           4   98.9670498457964      -0.123574888803656     
           5   98.1361037562144      -0.167968113065909     
           6   97.2003974831519      -0.230972052559370     
           7   96.1492408850884      -0.350326182368894     
           8   94.9715823060026      -0.524271331830041     
           9   93.6562065508496      -0.759248849564927     
          10   92.1920070494949       -1.16602234456763     
          11   90.5683277209335       -1.47722076476947     
          12   88.7753810751211       -1.82567836738164     
          13   86.8047167811488       -2.10999202588385     
          14   84.6497693161444       -2.27656206236634     
          15   82.3064483339245       -2.56397605687208     
          16   79.7737184552477       -3.12134744366658     
          17   77.0541665042337       -3.92145156745145     
          18   74.1544981412689       -5.01971013598127     
          19   71.0858876617323       -7.12503655890234     
          20   67.8641433419238       -10.0189128210314     
          21   64.5096604430966       -16.1395406523836     
          22   61.0471004582044       -21.6593419864373     
          23   57.5047969381737       -24.5747304480062     
          24   53.9139200864628       -26.0593043363521     
          25   50.3074226792622       -30.5996928205758     
          26   46.7188553907442       -34.4928022201121     
          27   43.1811403178477       -33.4527627216198     
          28   39.7253921020927       -34.7917031203747     
          29   36.3798705172704       -34.1881470526086     
          30   33.1691410675722       -30.9040240930429     
          31   30.1134948852151       -26.4404677354092     
          32   27.2286363015048       -26.5847453506292     
          33   24.5256204001092       -28.1654950752200     
          34   22.0109371521345       -29.5371268700540     
          35   19.6868328057542       -29.2406694168580     
          36   17.5518919608348       -28.8829860990439     
          37   15.6016519616747       -29.9072871588656     
          38   13.8291943172722       -23.7469219618032     
          39   12.2257305010218       -5.18860786660238     
          40   10.7811396093628       -1.29797423342648     
          41   9.48444617104762      -0.306947626413094     
          42   8.32423555156817      -7.891527028336212E-002
          43   7.28899188610806      -1.539344924239032E-002
          44   6.36744072072844      -2.968373002105656E-005
          45   5.54891765133637       1.867047026123349E-003
          46   4.82345163649048       2.148953855143451E-003
          47   4.18168862358133       1.737815147469615E-003
          48   3.61492857596243       1.316439196816609E-003
          49   3.11515193106151       7.142771315222697E-004
          50   2.67502150328609       4.232597319663446E-004
          51   2.28786764029471       3.043184272888373E-004
          52   1.94765948261730       2.107652407262068E-004
          53   1.64897200541825       1.399371177495360E-004
          54   1.38694320525960       9.966400238396946E-005
          55   1.15723006331523       8.354047461302681E-005
          56  0.955967631039691       7.194548949709609E-005
          57  0.779722531596860       5.913844149169962E-005
          58  0.625452421032079       5.049600514371464E-005
          59  0.490464676355272       5.252079028661968E-005
          60  0.372378469254306       6.453175788927903E-005
          61  0.269083787099982       7.186721568631803E-005
          62  0.178689388225722       8.170672385597217E-005
          63  9.938258918294017E-002  1.011922831340642E-004
          64  4.065807297735977E-002  4.843885640397561E-005
