 jacobian for channel i, lat, lon
         392   4.63061000000000        238.922250000000     
 model level, layer pressure, jacobian virtual temp
           1   100.930016190072       4.993504223291599E-003
           2   100.354786085820       5.740646840029480E-003
           3   99.7034237843065       6.617213962878116E-003
           4   98.9670498457964       7.624856280341570E-003
           5   98.1361037562144       8.367691945637365E-003
           6   97.2003974831519       9.666349377936595E-003
           7   96.1492408850884       1.104473344413444E-002
           8   94.9715823060026       1.226184916209945E-002
           9   93.6562065508496       1.409297116395378E-002
          10   92.1920070494949       1.552998644488531E-002
          11   90.5683277209335       1.770849746164070E-002
          12   88.7753810751211       2.051215621897467E-002
          13   86.8047167811488       2.300243772925635E-002
          14   84.6497693161444       2.642872505574325E-002
          15   82.3064483339245       3.009409954759583E-002
          16   79.7737184552477       3.354864060566530E-002
          17   77.0541665042337       3.678024267561543E-002
          18   74.1544981412689       3.957965888798304E-002
          19   71.0858876617323       4.156428006420584E-002
          20   67.8641433419238       4.302185244278873E-002
          21   64.5096604430966       4.311856845721473E-002
          22   61.0471004582044       4.300664522105542E-002
          23   57.5047969381737       4.141915038410963E-002
          24   53.9139200864628       3.933063028825717E-002
          25   50.3074226792622       3.641566934084732E-002
          26   46.7188553907442       3.178743081396277E-002
          27   43.1811403178477       2.743431287874678E-002
          28   39.7253921020927       2.313882130564364E-002
          29   36.3798705172704       1.816644975498774E-002
          30   33.1691410675722       1.364880486254733E-002
          31   30.1134948852151       1.057827759610259E-002
          32   27.2286363015048       8.116864490904136E-003
          33   24.5256204001092       6.440653052981933E-003
          34   22.0109371521345       5.254890440391922E-003
          35   19.6868328057542       4.360698298982666E-003
          36   17.5518919608348       3.653522419610571E-003
          37   15.6016519616747       3.064109299606785E-003
          38   13.8291943172722       2.586013038405428E-003
          39   12.2257305010218       2.204818002794322E-003
          40   10.7811396093628       1.778992831850729E-003
          41   9.48444617104762       1.280444464314255E-003
          42   8.32423555156817       9.114553464408354E-004
          43   7.28899188610806       6.630346399700688E-004
          44   6.36744072072844       4.688223418028313E-004
          45   5.54891765133637       3.461170016633895E-004
          46   4.82345163649048       2.133818488416118E-004
          47   4.18168862358133       1.008448091174424E-004
          48   3.61492857596243       3.007636707292488E-006
          49   3.11515193106151      -5.279616363240630E-005
          50   2.67502150328609      -7.309681158365398E-005
          51   2.28786764029471      -8.201382178528376E-005
          52   1.94765948261730      -5.974604186434305E-005
          53   1.64897200541825       2.358139693470673E-006
          54   1.38694320525960       3.019645965691654E-005
          55   1.15723006331523       9.096689463657292E-007
          56  0.955967631039691      -5.145488073633798E-005
          57  0.779722531596860      -1.009741460377743E-004
          58  0.625452421032079      -1.305991445449151E-004
          59  0.490464676355272      -1.432174120113715E-004
          60  0.372378469254306      -1.532590911190193E-004
          61  0.269083787099982      -1.350515477950347E-004
          62  0.178689388225722      -5.290543809588320E-005
          63  9.938258918294017E-002 -7.594968029135526E-005
          64  4.065807297735977E-002 -2.260166860670504E-005
 model level, layer pressure, jacobian wv
           1   100.930016190072      -0.908051172882103     
           2   100.354786085820       -1.12693015721998     
           3   99.7034237843065       -1.34476412390015     
           4   98.9670498457964       -1.58290776047557     
           5   98.1361037562144       -1.78736239616301     
           6   97.2003974831519       -2.11153998461282     
           7   96.1492408850884       -2.51271653507461     
           8   94.9715823060026       -2.95183412508284     
           9   93.6562065508496       -3.49471027126985     
          10   92.1920070494949       -4.10662156306495     
          11   90.5683277209335       -4.64220203824856     
          12   88.7753810751211       -5.24333124011464     
          13   86.8047167811488       -5.66172908539313     
          14   84.6497693161444       -6.09089556952280     
          15   82.3064483339245       -6.57533058822572     
          16   79.7737184552477       -7.06949673171938     
          17   77.0541665042337       -7.55525691138737     
          18   74.1544981412689       -7.97018160170571     
          19   71.0858876617323       -8.46214093698799     
          20   67.8641433419238       -9.00466742586089     
          21   64.5096604430966       -9.79587719377528     
          22   61.0471004582044       -10.2562965609781     
          23   57.5047969381737       -9.76270983551218     
          24   53.9139200864628       -8.94462450325592     
          25   50.3074226792622       -8.44182486030934     
          26   46.7188553907442       -7.48627823035858     
          27   43.1811403178477       -6.13814968536239     
          28   39.7253921020927       -5.16801571098069     
          29   36.3798705172704       -3.96291548548235     
          30   33.1691410675722       -2.74836079563041     
          31   30.1134948852151       -1.83899006473911     
          32   27.2286363015048       -1.35575988543453     
          33   24.5256204001092       -1.12175996728181     
          34   22.0109371521345      -0.958206547302259     
          35   19.6868328057542      -0.772842839939674     
          36   17.5518919608348      -0.595594139185483     
          37   15.6016519616747      -0.462792947056728     
          38   13.8291943172722      -0.263783756939814     
          39   12.2257305010218      -3.622243341314199E-002
          40   10.7811396093628      -6.012953489902972E-003
          41   9.48444617104762      -1.089123875070680E-003
          42   8.32423555156817      -2.247289181355370E-004
          43   7.28899188610806      -5.490766024299811E-005
          44   6.36744072072844      -1.488461173465423E-005
          45   5.54891765133637      -4.668297157417776E-006
          46   4.82345163649048      -1.359204109364187E-006
          47   4.18168862358133      -3.352889703694421E-007
          48   3.61492857596243      -5.638193120559416E-009
          49   3.11515193106151       5.800376615204263E-008
          50   2.67502150328609       5.026772633574719E-008
          51   2.28786764029471       3.806657466351668E-008
          52   1.94765948261730       1.938438255279958E-008
          53   1.64897200541825      -5.566663431951275E-010
          54   1.38694320525960      -5.407116942510283E-009
          55   1.15723006331523      -1.284722646200633E-010
          56  0.955967631039691       5.930457244121762E-009
          57  0.779722531596860       9.688851542795766E-009
          58  0.625452421032079       1.066410106233530E-008
          59  0.490464676355272       1.027149170592576E-008
          60  0.372378469254306       9.984803914494941E-009
          61  0.269083787099982       8.008677918722678E-009
          62  0.178689388225722       3.019744874299145E-009
          63  9.938258918294017E-002  4.018606010240892E-009
          64  4.065807297735977E-002  1.066346849496936E-009
