 jacobian for channel i, lat, lon
          88   4.63061000000000        238.922250000000     
 model level, layer pressure, jacobian virtual temp
           1   100.930016190072       1.096725040373283E-003
           2   100.354786085820       1.381497489039240E-003
           3   99.7034237843065       1.741503427782380E-003
           4   98.9670498457964       2.216938055923765E-003
           5   98.1361037562144       2.775559202662241E-003
           6   97.2003974831519       3.632379985622073E-003
           7   96.1492408850884       4.835105913794774E-003
           8   94.9715823060026       6.464254895320442E-003
           9   93.6562065508496       8.874980944083830E-003
          10   92.1920070494949       1.187934214618115E-002
          11   90.5683277209335       1.532331939108925E-002
          12   88.7753810751211       1.922225853504798E-002
          13   86.8047167811488       2.121214512211228E-002
          14   84.6497693161444       2.292975468031958E-002
          15   82.3064483339245       2.383572161243958E-002
          16   79.7737184552477       2.471074855021799E-002
          17   77.0541665042337       2.600103833982376E-002
          18   74.1544981412689       2.742094776379914E-002
          19   71.0858876617323       3.012631286665840E-002
          20   67.8641433419238       3.421155753215943E-002
          21   64.5096604430966       3.941260494464038E-002
          22   61.0471004582044       4.428932791505119E-002
          23   57.5047969381737       4.447066020755702E-002
          24   53.9139200864628       4.363246831927506E-002
          25   50.3074226792622       4.405238483175133E-002
          26   46.7188553907442       4.217887887701067E-002
          27   43.1811403178477       3.913743319874342E-002
          28   39.7253921020927       3.628205502006122E-002
          29   36.3798705172704       3.145834193064785E-002
          30   33.1691410675722       2.556869256007301E-002
          31   30.1134948852151       2.047067105353322E-002
          32   27.2286363015048       1.516015770132791E-002
          33   24.5256204001092       1.069810936088660E-002
          34   22.0109371521345       6.973376766144289E-003
          35   19.6868328057542       4.178796659211035E-003
          36   17.5518919608348       2.230662769113094E-003
          37   15.6016519616747       8.998595772968327E-004
          38   13.8291943172722      -1.007261427740357E-004
          39   12.2257305010218      -7.932967592682633E-004
          40   10.7811396093628      -1.134118459660451E-003
          41   9.48444617104762      -8.421412555365809E-004
          42   8.32423555156817      -6.611718842501871E-004
          43   7.28899188610806      -3.119080489294664E-004
          44   6.36744072072844       2.095871797691252E-004
          45   5.54891765133637       5.869299353899556E-004
          46   4.82345163649048       1.135298360341258E-003
          47   4.18168862358133       1.851220802748364E-003
          48   3.61492857596243       2.636702116193983E-003
          49   3.11515193106151       2.501274974291504E-003
          50   2.67502150328609       2.395848434188697E-003
          51   2.28786764029471       2.643576388135862E-003
          52   1.94765948261730       2.628900440813868E-003
          53   1.64897200541825       2.489867202798039E-003
          54   1.38694320525960       2.392038125549946E-003
          55   1.15723006331523       2.331061976126931E-003
          56  0.955967631039691       2.279556038864523E-003
          57  0.779722531596860       2.113279418253490E-003
          58  0.625452421032079       1.846420741609968E-003
          59  0.490464676355272       1.754157922389237E-003
          60  0.372378469254306       1.713028136042125E-003
          61  0.269083787099982       1.558673086020634E-003
          62  0.178689388225722       1.721567019700119E-003
          63  9.938258918294017E-002  1.525632593725554E-003
          64  4.065807297735977E-002  1.486950627381339E-003
 model level, layer pressure, jacobian wv
           1   100.930016190072      -0.199435589659654     
           2   100.354786085820      -0.439269807623597     
           3   99.7034237843065      -0.647275337220193     
           4   98.9670498457964      -0.897050305512595     
           5   98.1361037562144       -1.20640431458532     
           6   97.2003974831519       -1.63200521316692     
           7   96.1492408850884       -2.39977734869322     
           8   94.9715823060026       -3.50179181424820     
           9   93.6562065508496       -4.87398100183011     
          10   92.1920070494949       -7.19632829845995     
          11   90.5683277209335       -8.66719592473187     
          12   88.7753810751211       -10.0822051188063     
          13   86.8047167811488       -10.8185162573245     
          14   84.6497693161444       -10.6409680473093     
          15   82.3064483339245       -10.7097603536768     
          16   79.7737184552477       -11.5767179198229     
          17   77.0541665042337       -13.0281237525202     
          18   74.1544981412689       -14.9779226285258     
          19   71.0858876617323       -19.7115625760823     
          20   67.8641433419238       -26.3390127475929     
          21   64.5096604430966       -40.8889149240500     
          22   61.0471004582044       -52.0383486812217     
          23   57.5047969381737       -54.0288755854238     
          24   53.9139200864628       -51.7582995568348     
          25   50.3074226792622       -56.3894806255139     
          26   46.7188553907442       -58.5477706751982     
          27   43.1811403178477       -51.0769788764658     
          28   39.7253921020927       -49.1520049213072     
          29   36.3798705172704       -43.9653704800794     
          30   33.1691410675722       -35.1339303571320     
          31   30.1134948852151       -25.6215469635422     
          32   27.2286363015048       -23.4378989264989     
          33   24.5256204001092       -23.6912808221831     
          34   22.0109371521345       -23.5860622329332     
          35   19.6868328057542       -21.0405681705031     
          36   17.5518919608348       -17.4781294219410     
          37   15.6016519616747       -14.3730797889430     
          38   13.8291943172722       -8.49119727358379     
          39   12.2257305010218       -1.27877654968428     
          40   10.7811396093628      -0.230238958689026     
          41   9.48444617104762      -4.802307322735656E-002
          42   8.32423555156817      -1.078845460173235E-002
          43   7.28899188610806      -2.754501119569010E-003
          44   6.36744072072844      -7.727654346684726E-004
          45   5.54891765133637      -2.431483010104138E-004
          46   4.82345163649048      -8.426794045026097E-005
          47   4.18168862358133      -3.292717673565782E-005
          48   3.61492857596243      -1.464793614059822E-005
          49   3.11515193106151      -7.063298558179768E-006
          50   2.67502150328609      -3.776818349474921E-006
          51   2.28786764029471      -2.390210125843684E-006
          52   1.94765948261730      -1.615974281998026E-006
          53   1.64897200541825      -1.022535132956954E-006
          54   1.38694320525960      -5.989823320633373E-007
          55   1.15723006331523      -3.504260323923173E-007
          56  0.955967631039691      -2.627313372532704E-007
          57  0.779722531596860      -2.027771598508405E-007
          58  0.625452421032079      -1.507698803137943E-007
          59  0.490464676355272      -1.258074580294356E-007
          60  0.372378469254306      -1.116034938841600E-007
          61  0.269083787099982      -9.243071205274796E-008
          62  0.178689388225722      -9.826387174188096E-008
          63  9.938258918294017E-002 -8.072339853236680E-008
          64  4.065807297735977E-002 -7.015433879935729E-008
