 jacobian for channel i, lat, lon
          56   4.63061000000000        238.922250000000     
 model level, layer pressure, jacobian virtual temp
           1   100.930016190072       3.167573718592432E-015
           2   100.354786085820       6.433704131404708E-015
           3   99.7034237843065       1.487092218536290E-014
           4   98.9670498457964       3.822466300534785E-014
           5   98.1361037562144       1.117006316445738E-013
           6   97.2003974831519       3.722806945337117E-013
           7   96.1492408850884       1.294405283127715E-012
           8   94.9715823060026       4.027427789837975E-012
           9   93.6562065508496       1.591855546428063E-011
          10   92.1920070494949       8.027460849815423E-011
          11   90.5683277209335       3.931113779594356E-010
          12   88.7753810751211       1.863904117101408E-009
          13   86.8047167811488       2.107070315783675E-008
          14   84.6497693161444       2.058514239309956E-007
          15   82.3064483339245       1.378685670972893E-006
          16   79.7737184552477       6.708234357658203E-006
          17   77.0541665042337       2.656445361682420E-005
          18   74.1544981412689       8.003036339798287E-005
          19   71.0858876617323       2.124173114990651E-004
          20   67.8641433419238       5.284987844716685E-004
          21   64.5096604430966       1.172700328871831E-003
          22   61.0471004582044       2.558590068477733E-003
          23   57.5047969381737       4.948476293287252E-003
          24   53.9139200864628       8.814998424990136E-003
          25   50.3074226792622       1.500487030399934E-002
          26   46.7188553907442       2.326864745481701E-002
          27   43.1811403178477       3.318662893854007E-002
          28   39.7253921020927       4.455569674129119E-002
          29   36.3798705172704       5.344437504611778E-002
          30   33.1691410675722       5.741807435985308E-002
          31   30.1134948852151       5.831556060339591E-002
          32   27.2286363015048       5.387875762820382E-002
          33   24.5256204001092       4.692339190422938E-002
          34   22.0109371521345       3.811388670812885E-002
          35   19.6868328057542       2.930704847089701E-002
          36   17.5518919608348       2.178988724675425E-002
          37   15.6016519616747       1.569838994065831E-002
          38   13.8291943172722       1.017727281971740E-002
          39   12.2257305010218       5.358933358923280E-003
          40   10.7811396093628       2.119535939673009E-003
          41   9.48444617104762       2.421180158288024E-003
          42   8.32423555156817       2.514966873673172E-003
          43   7.28899188610806       3.869951114504429E-003
          44   6.36744072072844       6.309079827616491E-003
          45   5.54891765133637       7.959528563105193E-003
          46   4.82345163649048       1.045230384408403E-002
          47   4.18168862358133       1.361460624411785E-002
          48   3.61492857596243       1.671098580504905E-002
          49   3.11515193106151       1.524965529254614E-002
          50   2.67502150328609       1.391764740630468E-002
          51   2.28786764029471       1.440777514043037E-002
          52   1.94765948261730       1.349084049771370E-002
          53   1.64897200541825       1.210405647963978E-002
          54   1.38694320525960       1.101329503804515E-002
          55   1.15723006331523       1.016946749955514E-002
          56  0.955967631039691       9.618645123754014E-003
          57  0.779722531596860       8.705147606248144E-003
          58  0.625452421032079       7.488421074702571E-003
          59  0.490464676355272       7.061071206504187E-003
          60  0.372378469254306       7.035747797586166E-003
          61  0.269083787099982       6.572976755414282E-003
          62  0.178689388225722       7.246006424564001E-003
          63  9.938258918294017E-002  7.078273089497101E-003
          64  4.065807297735977E-002  8.185647300668331E-003
 model level, layer pressure, jacobian wv
           1   100.930016190072      -5.760121353141426E-013
           2   100.354786085820      -1.410389602810053E-012
           3   99.7034237843065      -3.485022563673611E-012
           4   98.9670498457964      -9.527690889754147E-012
           5   98.1361037562144      -2.517028816835816E-011
           6   97.2003974831519      -7.580648237936369E-011
           7   96.1492408850884      -2.974654908383497E-010
           8   94.9715823060026      -8.736436803683480E-010
           9   93.6562065508496      -3.593882108402316E-009
          10   92.1920070494949      -1.670642746807822E-008
          11   90.5683277209335      -7.488299143497924E-008
          12   88.7753810751211      -3.425955562519014E-007
          13   86.8047167811488      -3.776989010944023E-006
          14   84.6497693161444      -3.695903978760218E-005
          15   82.3064483339245      -2.541121850013633E-004
          16   79.7737184552477      -1.263343621589651E-003
          17   77.0541665042337      -5.011961856976580E-003
          18   74.1544981412689      -1.573391472555075E-002
          19   71.0858876617323      -4.601203569824190E-002
          20   67.8641433419238      -0.118711133905071     
          21   64.5096604430966      -0.316297836981882     
          22   61.0471004582044      -0.726146430615034     
          23   57.5047969381737       -1.48602144025586     
          24   53.9139200864628       -2.84068531995808     
          25   50.3074226792622       -5.64396770276941     
          26   46.7188553907442       -10.6386686412619     
          27   43.1811403178477       -16.4646706486911     
          28   39.7253921020927       -27.7108104721854     
          29   36.3798705172704       -46.2092185657238     
          30   33.1691410675722       -71.8296665355340     
          31   30.1134948852151       -100.111950404645     
          32   27.2286363015048       -134.336518638502     
          33   24.5256204001092       -166.418877656313     
          34   22.0109371521345       -186.652810503370     
          35   19.6868328057542       -175.244769467427     
          36   17.5518919608348       -134.935778792539     
          37   15.6016519616747       -86.9103182926198     
          38   13.8291943172722       -26.7088963527654     
          39   12.2257305010218       7.653976759326167E-002
          40   10.7811396093628       0.961847395569162     
          41   9.48444617104762       0.493076741378354     
          42   8.32423555156817       0.195697725698423     
          43   7.28899188610806       7.008451745769727E-002
          44   6.36744072072844       2.740948645102664E-002
          45   5.54891765133637       1.216290762554065E-002
          46   4.82345163649048       5.887869592700647E-003
          47   4.18168862358133       3.045017796477665E-003
          48   3.61492857596243       1.742055593289960E-003
          49   3.11515193106151       9.819661572929299E-004
          50   2.67502150328609       5.805339657265007E-004
          51   2.28786764029471       3.706953510234056E-004
          52   1.94765948261730       2.414479972594492E-004
          53   1.64897200541825       1.598721895648175E-004
          54   1.38694320525960       1.102907542207596E-004
          55   1.15723006331523       7.977089247704213E-005
          56  0.955967631039691       5.985512701803876E-005
          57  0.779722531596860       4.530721006794506E-005
          58  0.625452421032079       3.475229895985256E-005
          59  0.490464676355272       2.930997323787222E-005
          60  0.372378469254306       2.872887032538631E-005
          61  0.269083787099982       2.955945708148457E-005
          62  0.178689388225722       3.335646714965764E-005
          63  9.938258918294017E-002  4.319044003350995E-005
          64  4.065807297735977E-002  2.236396322698365E-005
