 jacobian for channel i, lat, lon
          92   4.63061000000000        238.922250000000     
 model level, layer pressure, jacobian virtual temp
           1   100.930016190072       1.146597819835460E-004
           2   100.354786085820       1.455799856546466E-004
           3   99.7034237843065       1.854706580272509E-004
           4   98.9670498457964       2.392208522846942E-004
           5   98.1361037562144       3.104774920487294E-004
           6   97.2003974831519       4.145889084409775E-004
           7   96.1492408850884       5.680753577209560E-004
           8   94.9715823060026       7.967928060478135E-004
           9   93.6562065508496       1.138717360294735E-003
          10   92.1920070494949       1.636481905471255E-003
          11   90.5683277209335       2.301130003698814E-003
          12   88.7753810751211       3.226462057878909E-003
          13   86.8047167811488       4.200497036960875E-003
          14   84.6497693161444       5.372063541258980E-003
          15   82.3064483339245       6.650226521870667E-003
          16   79.7737184552477       8.077633784254549E-003
          17   77.0541665042337       9.698526854052045E-003
          18   74.1544981412689       1.121162174018422E-002
          19   71.0858876617323       1.369994537516709E-002
          20   67.8641433419238       1.777484093135867E-002
          21   64.5096604430966       2.505314930534454E-002
          22   61.0471004582044       3.461904640716233E-002
          23   57.5047969381737       4.151512434692357E-002
          24   53.9139200864628       4.613561488865072E-002
          25   50.3074226792622       5.444806451233692E-002
          26   46.7188553907442       5.910109427101180E-002
          27   43.1811403178477       5.745469890916411E-002
          28   39.7253921020927       5.654111658435441E-002
          29   36.3798705172704       4.972048121076552E-002
          30   33.1691410675722       3.998552475327193E-002
          31   30.1134948852151       3.202081067312958E-002
          32   27.2286363015048       2.533823885154024E-002
          33   24.5256204001092       1.950845115895808E-002
          34   22.0109371521345       1.408502139838589E-002
          35   19.6868328057542       9.721129685672196E-003
          36   17.5518919608348       6.560279004030408E-003
          37   15.6016519616747       4.368098194522701E-003
          38   13.8291943172722       2.659281756706538E-003
          39   12.2257305010218       1.189971119016045E-003
          40   10.7811396093628       7.929245417807303E-005
          41   9.48444617104762       9.438071418699669E-005
          42   8.32423555156817       1.871669263074750E-004
          43   7.28899188610806       8.700724815573253E-004
          44   6.36744072072844       1.861800127832175E-003
          45   5.54891765133637       2.559774024623774E-003
          46   4.82345163649048       3.621897982792142E-003
          47   4.18168862358133       5.019801899261994E-003
          48   3.61492857596243       6.539045428153249E-003
          49   3.11515193106151       6.237275354523977E-003
          50   2.67502150328609       5.988134880609505E-003
          51   2.28786764029471       6.426829608439022E-003
          52   1.94765948261730       6.306848205071536E-003
          53   1.64897200541825       5.916523945545448E-003
          54   1.38694320525960       5.598633020965164E-003
          55   1.15723006331523       5.326547616829259E-003
          56  0.955967631039691       5.104746588973944E-003
          57  0.779722531596860       4.683272417905312E-003
          58  0.625452421032079       4.056257538150809E-003
          59  0.490464676355272       3.753071392588451E-003
          60  0.372378469254306       3.534869800641058E-003
          61  0.269083787099982       3.134767947592565E-003
          62  0.178689388225722       3.128766806806675E-003
          63  9.938258918294017E-002  2.682101361288800E-003
          64  4.065807297735977E-002  3.100982560345640E-003
 model level, layer pressure, jacobian wv
           1   100.930016190072      -2.085047791226934E-002
           2   100.354786085820      -4.659571437179212E-002
           3   99.7034237843065      -6.895015132462079E-002
           4   98.9670498457964      -9.552485295163407E-002
           5   98.1361037562144      -0.129806790127394     
           6   97.2003974831519      -0.176413752806490     
           7   96.1492408850884      -0.263860805718224     
           8   94.9715823060026      -0.393004014838893     
           9   93.6562065508496      -0.560919569055033     
          10   92.1920070494949      -0.857872119580919     
          11   90.5683277209335       -1.08645930301351     
          12   88.7753810751211       -1.35316586036300     
          13   86.8047167811488       -1.61152638091041     
          14   84.6497693161444       -1.81457141842504     
          15   82.3064483339245       -2.19846198328152     
          16   79.7737184552477       -3.00472432706837     
          17   77.0541665042337       -4.36044479034470     
          18   74.1544981412689       -6.80115745932147     
          19   71.0858876617323       -11.3248747674674     
          20   67.8641433419238       -16.7793540509431     
          21   64.5096604430966       -27.3147389240207     
          22   61.0471004582044       -37.5183470655202     
          23   57.5047969381737       -52.2206309926518     
          24   53.9139200864628       -73.0861601536566     
          25   50.3074226792622       -99.0970633052747     
          26   46.7188553907442       -141.721932708279     
          27   43.1811403178477       -202.119389730807     
          28   39.7253921020927       -258.309600229194     
          29   36.3798705172704       -354.832848408880     
          30   33.1691410675722       -490.369186774473     
          31   30.1134948852151       -621.726387680574     
          32   27.2286363015048       -666.326714504696     
          33   24.5256204001092       -630.530234338503     
          34   22.0109371521345       -582.556579250001     
          35   19.6868328057542       -550.115663802745     
          36   17.5518919608348       -531.264016062297     
          37   15.6016519616747       -511.883357338422     
          38   13.8291943172722       -353.100513012964     
          39   12.2257305010218       -61.6954934286275     
          40   10.7811396093628       -12.6526589992726     
          41   9.48444617104762       -3.04408806173222     
          42   8.32423555156817      -0.842512090047160     
          43   7.28899188610806      -0.266986846479006     
          44   6.36744072072844      -9.520268371070542E-002
          45   5.54891765133637      -3.735541107328740E-002
          46   4.82345163649048      -1.600494802456087E-002
          47   4.18168862358133      -7.473334579608451E-003
          48   3.61492857596243      -3.686065639754400E-003
          49   3.11515193106151      -1.950045042206353E-003
          50   2.67502150328609      -1.086653343487273E-003
          51   2.28786764029471      -6.411276799064491E-004
          52   1.94765948261730      -3.924560681660506E-004
          53   1.64897200541825      -2.534564511180053E-004
          54   1.38694320525960      -1.702899065544147E-004
          55   1.15723006331523      -1.152814760442572E-004
          56  0.955967631039691      -8.107218239112458E-005
          57  0.779722531596860      -5.897124926638835E-005
          58  0.625452421032079      -4.299039769094778E-005
          59  0.490464676355272      -3.153744609161052E-005
          60  0.372378469254306      -2.162551740648789E-005
          61  0.269083787099982      -1.426359494578283E-005
          62  0.178689388225722      -4.061209508858289E-006
          63  9.938258918294017E-002 -2.379593403422697E-006
          64  4.065807297735977E-002 -5.862002900167798E-006
