 jacobian for channel i, lat, lon
         382   4.63061000000000        238.922250000000     
 model level, layer pressure, jacobian virtual temp
           1   100.930016190072       1.240071499102491E-013
           2   100.354786085820       4.584610647853602E-013
           3   99.7034237843065       2.061601776996144E-012
           4   98.9670498457964       1.151622787321198E-011
           5   98.1361037562144       3.383694130175249E-011
           6   97.2003974831519       1.443405055670069E-010
           7   96.1492408850884       6.589753173455932E-010
           8   94.9715823060026       3.143350669358361E-009
           9   93.6562065508496       1.678176413644956E-008
          10   92.1920070494949       4.901571912859527E-008
          11   90.5683277209335       1.796770618133139E-007
          12   88.7753810751211       6.696755795316282E-007
          13   86.8047167811488       2.103145539315492E-006
          14   84.6497693161444       7.519027975669520E-006
          15   82.3064483339245       2.290643671047009E-005
          16   79.7737184552477       6.471793644989759E-005
          17   77.0541665042337       1.757315568717239E-004
          18   74.1544981412689       4.462409102980836E-004
          19   71.0858876617323       1.011253094161837E-003
          20   67.8641433419238       2.230877854971187E-003
          21   64.5096604430966       4.389979591978532E-003
          22   61.0471004582044       8.568529395566160E-003
          23   57.5047969381737       1.553407064039860E-002
          24   53.9139200864628       2.650290752920261E-002
          25   50.3074226792622       4.181148425527925E-002
          26   46.7188553907442       5.740995850085679E-002
          27   43.1811403178477       7.427895187289912E-002
          28   39.7253921020927       8.831317938893680E-002
          29   36.3798705172704       8.705950906996984E-002
          30   33.1691410675722       7.190702830035117E-002
          31   30.1134948852151       5.622227744053371E-002
          32   27.2286363015048       3.489406485197575E-002
          33   24.5256204001092       1.779495433077554E-002
          34   22.0109371521345       6.117683362635642E-003
          35   19.6868328057542       1.122258933179918E-004
          36   17.5518919608348      -1.932225342757841E-003
          37   15.6016519616747      -1.936930728972408E-003
          38   13.8291943172722      -1.463069612900664E-003
          39   12.2257305010218      -1.090889535489067E-003
          40   10.7811396093628      -4.612970188413888E-004
          41   9.48444617104762       8.735839849978761E-004
          42   8.32423555156817       1.222011905098228E-003
          43   7.28899188610806       7.252808777529161E-004
          44   6.36744072072844       1.533462933243611E-004
          45   5.54891765133637       4.358454163276512E-005
          46   4.82345163649048       2.967675762372853E-004
          47   4.18168862358133       1.074637621008761E-003
          48   3.61492857596243       2.444796355819102E-003
          49   3.11515193106151       2.190803023450002E-003
          50   2.67502150328609       2.067877679841551E-003
          51   2.28786764029471       2.914816383276088E-003
          52   1.94765948261730       2.943925671855163E-003
          53   1.64897200541825       2.636738319496535E-003
          54   1.38694320525960       2.443058870855802E-003
          55   1.15723006331523       2.418688576695351E-003
          56  0.955967631039691       2.528674606179288E-003
          57  0.779722531596860       2.270996776063812E-003
          58  0.625452421032079       1.850347735617568E-003
          59  0.490464676355272       1.944254041004909E-003
          60  0.372378469254306       2.601647533008000E-003
          61  0.269083787099982       2.880578779072311E-003
          62  0.178689388225722       6.439759004303389E-003
          63  9.938258918294017E-002  1.009252148344913E-002
          64  4.065807297735977E-002  2.804827704832421E-002
 model level, layer pressure, jacobian wv
           1   100.930016190072      -2.255026388012986E-011
           2   100.354786085820      -8.348806604145596E-011
           3   99.7034237843065      -3.764400090505398E-010
           4   98.9670498457964      -2.096118964759771E-009
           5   98.1361037562144      -6.131732856269462E-009
           6   97.2003974831519      -2.601966032809226E-008
           7   96.1492408850884      -1.189032331438423E-007
           8   94.9715823060026      -5.635403709691432E-007
           9   93.6562065508496      -2.998694809990903E-006
          10   92.1920070494949      -8.726907894487472E-006
          11   90.5683277209335      -3.183244394259548E-005
          12   88.7753810751211      -1.184186479182913E-004
          13   86.8047167811488      -3.714175881782708E-004
          14   84.6497693161444      -1.326939916911697E-003
          15   82.3064483339245      -4.041055230623000E-003
          16   79.7737184552477      -1.139279236304734E-002
          17   77.0541665042337      -3.080825991072783E-002
          18   74.1544981412689      -7.787777286280899E-002
          19   71.0858876617323      -0.175604299026649     
          20   67.8641433419238      -0.384524642836150     
          21   64.5096604430966      -0.753423844350433     
          22   61.0471004582044       -1.45889930520000     
          23   57.5047969381737       -2.62041292955251     
          24   53.9139200864628       -4.42668849637658     
          25   50.3074226792622       -6.92434443565613     
          26   46.7188553907442       -9.39803520307520     
          27   43.1811403178477       -11.9857854398536     
          28   39.7253921020927       -14.0758490553454     
          29   36.3798705172704       -13.6441655652995     
          30   33.1691410675722       -11.0144839330118     
          31   30.1134948852151       -8.38211651205376     
          32   27.2286363015048       -5.09549458259638     
          33   24.5256204001092       -2.60018297541777     
          34   22.0109371521345      -0.967183923253166     
          35   19.6868328057542      -0.131656106717147     
          36   17.5518919608348       0.170989264276457     
          37   15.6016519616747       0.193829943384267     
          38   13.8291943172722       0.107739185578139     
          39   12.2257305010218       1.674498933439806E-002
          40   10.7811396093628       1.569773297468653E-003
          41   9.48444617104762      -7.430626189899013E-004
          42   8.32423555156817      -3.012999094841533E-004
          43   7.28899188610806      -6.006243658430622E-005
          44   6.36744072072844      -4.868582048168359E-006
          45   5.54891765133637      -5.878520582166353E-007
          46   4.82345163649048      -1.890356238534506E-006
          47   4.18168862358133      -3.572956750294183E-006
          48   3.61492857596243      -4.583078122808500E-006
          49   3.11515193106151      -2.406895075599457E-006
          50   2.67502150328609      -1.422052577315422E-006
          51   2.28786764029471      -1.352907023098033E-006
          52   1.94765948261730      -9.551458079820612E-007
          53   1.64897200541825      -6.224327940964095E-007
          54   1.38694320525960      -4.374653572717324E-007
          55   1.15723006331523      -3.415906414087919E-007
          56  0.955967631039691      -2.914436185963644E-007
          57  0.779722531596860      -2.179107373606175E-007
          58  0.625452421032079      -1.510905398488484E-007
          59  0.490464676355272      -1.394410705788267E-007
          60  0.372378469254306      -1.694968975872432E-007
          61  0.269083787099982      -1.708209053339389E-007
          62  0.178689388225722      -3.675695721434757E-007
          63  9.938258918294017E-002 -5.340097198077395E-007
          64  4.065807297735977E-002 -1.323317865806812E-006
