 jacobian for channel i, lat, lon
         372   4.63061000000000        238.922250000000     
 model level, layer pressure, jacobian virtual temp
           1   100.930016190072       6.190255301341978E-025
           2   100.354786085820       7.022980788368604E-025
           3   99.7034237843065       7.937504180718557E-025
           4   98.9670498457964       8.933408411882767E-025
           5   98.1361037562144       9.630899143113394E-025
           6   97.2003974831519       1.080173152575466E-024
           7   96.1492408850884       1.196200621797235E-024
           8   94.9715823060026       1.293275598891328E-024
           9   93.6562065508496       1.425729355000415E-024
          10   92.1920070494949       1.518196811584625E-024
          11   90.5683277209335       1.656625602412338E-024
          12   88.7753810751211       1.829924072023518E-024
          13   86.8047167811488       1.959160614882930E-024
          14   84.6497693161444       2.135892463416166E-024
          15   82.3064483339245       2.304638771770026E-024
          16   79.7737184552477       2.432286180018188E-024
          17   77.0541665042337       2.519905781891125E-024
          18   74.1544981412689       2.570478157134976E-024
          19   71.0858876617323       2.567673237385709E-024
          20   67.8641433419238       2.521990612347975E-024
          21   64.5096604430966       2.431533630178701E-024
          22   61.0471004582044       2.322134724854874E-024
          23   57.5047969381737       2.172980681096673E-024
          24   53.9139200864628       1.992168928142449E-024
          25   50.3074226792622       1.793944581555440E-024
          26   46.7188553907442       1.563587474950821E-024
          27   43.1811403178477       1.343470256823462E-024
          28   39.7253921020927       1.326978798304895E-024
          29   36.3798705172704       1.229235858652464E-011
          30   33.1691410675722       5.058756269093100E-007
          31   30.1134948852151       5.199022826553329E-005
          32   27.2286363015048       4.643901444132909E-004
          33   24.5256204001092       1.630462693396943E-003
          34   22.0109371521345       3.562384515378709E-003
          35   19.6868328057542       5.619101563774920E-003
          36   17.5518919608348       7.062669097015319E-003
          37   15.6016519616747       7.440255152607221E-003
          38   13.8291943172722       6.387334276008488E-003
          39   12.2257305010218       4.507794180418761E-003
          40   10.7811396093628       2.638950510300561E-003
          41   9.48444617104762       2.539570492236131E-003
          42   8.32423555156817       2.307930188197552E-003
          43   7.28899188610806       3.219921477396961E-003
          44   6.36744072072844       5.520969458452447E-003
          45   5.54891765133637       7.385072539636594E-003
          46   4.82345163649048       1.149586122894146E-002
          47   4.18168862358133       2.036100246056572E-002
          48   3.61492857596243       3.292001794699125E-002
          49   3.11515193106151       2.995787159167863E-002
          50   2.67502150328609       2.758072667204961E-002
          51   2.28786764029471       3.481028696342172E-002
          52   1.94765948261730       3.385865776558852E-002
          53   1.64897200541825       3.054572875968959E-002
          54   1.38694320525960       2.861857016528238E-002
          55   1.15723006331523       2.817014382433011E-002
          56  0.955967631039691       2.979660832650316E-002
          57  0.779722531596860       2.816152214347731E-002
          58  0.625452421032079       2.490718451308271E-002
          59  0.490464676355272       2.731597894843818E-002
          60  0.372378469254306       3.665637887891911E-002
          61  0.269083787099982       4.043842841106625E-002
          62  0.178689388225722       7.136525586235053E-002
          63  9.938258918294017E-002  5.984559996399506E-002
          64  4.065807297735977E-002  7.072397493765023E-002
 model level, layer pressure, jacobian wv
           1   100.930016190072      -1.125676145542131E-022
           2   100.354786085820      -1.274895318412721E-022
           3   99.7034237843065      -1.438201821457300E-022
           4   98.9670498457964      -1.615203535201747E-022
           5   98.1361037562144      -1.737137934841032E-022
           6   97.2003974831519      -1.943021607716362E-022
           7   96.1492408850884      -2.145127841235647E-022
           8   94.9715823060026      -2.311219110316623E-022
           9   93.6562065508496      -2.538131972479076E-022
          10   92.1920070494949      -2.691275759665709E-022
          11   90.5683277209335      -2.928216819353026E-022
          12   88.7753810751211      -3.232033422959687E-022
          13   86.8047167811488      -3.456060831452494E-022
          14   84.6497693161444      -3.766564854269770E-022
          15   82.3064483339245      -4.060359431224755E-022
          16   79.7737184552477      -4.273107418389911E-022
          17   77.0541665042337      -4.408176590706683E-022
          18   74.1544981412689      -4.474062949620098E-022
          19   71.0858876617323      -4.439191615739277E-022
          20   67.8641433419238      -4.324270407472348E-022
          21   64.5096604430966      -4.132978237702267E-022
          22   61.0471004582044      -3.911488383812445E-022
          23   57.5047969381737      -3.627476122871393E-022
          24   53.9139200864628      -3.295385602682955E-022
          25   50.3074226792622      -2.937347967976927E-022
          26   46.7188553907442      -2.524125250879940E-022
          27   43.1811403178477      -2.140118757699841E-022
          28   39.7253921020927      -2.084978026690645E-022
          29   36.3798705172704      -1.894718387309717E-009
          30   33.1691410675722      -7.617689595678372E-005
          31   30.1134948852151      -7.662105990268839E-003
          32   27.2286363015048      -6.671934746783255E-002
          33   24.5256204001092      -0.228069365289122     
          34   22.0109371521345      -0.484553894657149     
          35   19.6868328057542      -0.743558380885187     
          36   17.5518919608348      -0.911164719416347     
          37   15.6016519616747      -0.937763589138253     
          38   13.8291943172722      -0.569075009044188     
          39   12.2257305010218      -7.211074287210546E-002
          40   10.7811396093628      -8.935848900765398E-003
          41   9.48444617104762      -2.159846746180887E-003
          42   8.32423555156817      -5.690445026750958E-004
          43   7.28899188610806      -2.666502529913460E-004
          44   6.36744072072844      -1.752849202363943E-004
          45   5.54891765133637      -9.960710678303627E-005
          46   4.82345163649048      -7.322657436835634E-005
          47   4.18168862358133      -6.769629106781628E-005
          48   3.61492857596243      -6.171271226587286E-005
          49   3.11515193106151      -3.291279628412369E-005
          50   2.67502150328609      -1.896690690680777E-005
          51   2.28786764029471      -1.615713496708803E-005
          52   1.94765948261730      -1.098531642217774E-005
          53   1.64897200541825      -7.210675082552358E-006
          54   1.38694320525960      -5.124572793276888E-006
          55   1.15723006331523      -3.978460720510887E-006
          56  0.955967631039691      -3.434222549375706E-006
          57  0.779722531596860      -2.702204653112227E-006
          58  0.625452421032079      -2.033801475126801E-006
          59  0.490464676355272      -1.959090359668331E-006
          60  0.372378469254306      -2.388156895940382E-006
          61  0.269083787099982      -2.398035076021994E-006
          62  0.178689388225722      -4.073397241372611E-006
          63  9.938258918294017E-002 -3.166516129879699E-006
          64  4.065807297735977E-002 -3.336757527552211E-006
