 jacobian for channel i, lat, lon
         379   4.63061000000000        238.922250000000     
 model level, layer pressure, jacobian virtual temp
           1   100.930016190072       8.937897066973687E-025
           2   100.354786085820       2.283707329470121E-024
           3   99.7034237843065       6.501824203508270E-024
           4   98.9670498457964       2.149711017716235E-023
           5   98.1361037562144       1.044232142357990E-022
           6   97.2003974831519       5.708975231681438E-022
           7   96.1492408850884       3.734404521985014E-021
           8   94.9715823060026       3.590014535020583E-020
           9   93.6562065508496       4.063896960771067E-019
          10   92.1920070494949       5.601060437873162E-018
          11   90.5683277209335       8.992064770040270E-017
          12   88.7753810751211       1.641219050273646E-015
          13   86.8047167811488       2.945579782189256E-014
          14   84.6497693161444       6.201014544553975E-013
          15   82.3064483339245       1.333147017730196E-011
          16   79.7737184552477       2.280580788458650E-010
          17   77.0541665042337       2.753414086312517E-009
          18   74.1544981412689       2.592754427061991E-008
          19   71.0858876617323       2.236752760483799E-007
          20   67.8641433419238       1.910493882410047E-006
          21   64.5096604430966       1.181566507197434E-005
          22   61.0471004582044       5.897991741440197E-005
          23   57.5047969381737       2.559812683298976E-004
          24   53.9139200864628       9.934129102331661E-004
          25   50.3074226792622       3.196223876922832E-003
          26   46.7188553907442       8.275571855465338E-003
          27   43.1811403178477       1.884816008409827E-002
          28   39.7253921020927       3.670940014943632E-002
          29   36.3798705172704       5.598851395939518E-002
          30   33.1691410675722       6.803762388233410E-002
          31   30.1134948852151       7.407823119813509E-002
          32   27.2286363015048       6.317646067808466E-002
          33   24.5256204001092       4.541477141895967E-002
          34   22.0109371521345       2.660306340617865E-002
          35   19.6868328057542       1.250409867556175E-002
          36   17.5518919608348       4.263912245379145E-003
          37   15.6016519616747       1.774711104773268E-004
          38   13.8291943172722      -1.994119355100649E-003
          39   12.2257305010218      -3.044452738222511E-003
          40   10.7811396093628      -3.074557495497845E-003
          41   9.48444617104762      -1.421162203637991E-003
          42   8.32423555156817      -6.984606551787278E-004
          43   7.28899188610806      -4.718989826519579E-004
          44   6.36744072072844      -6.720861769651457E-006
          45   5.54891765133637       6.578584879382541E-004
          46   4.82345163649048       2.194113513433593E-003
          47   4.18168862358133       5.298422537419645E-003
          48   3.61492857596243       9.814604625942752E-003
          49   3.11515193106151       8.621314897834584E-003
          50   2.67502150328609       7.765037485104953E-003
          51   2.28786764029471       1.001845666834538E-002
          52   1.94765948261730       9.706354707393458E-003
          53   1.64897200541825       8.524361766273558E-003
          54   1.38694320525960       7.840962752374749E-003
          55   1.15723006331523       7.851561845674751E-003
          56  0.955967631039691       8.433501261002778E-003
          57  0.779722531596860       7.987574289529261E-003
          58  0.625452421032079       7.064946795992821E-003
          59  0.490464676355272       7.826260810099706E-003
          60  0.372378469254306       1.068202569835157E-002
          61  0.269083787099982       1.171929802099457E-002
          62  0.178689388225722       2.183558955046177E-002
          63  9.938258918294017E-002  2.341096862969280E-002
          64  4.065807297735977E-002  6.551586443439511E-002
 model level, layer pressure, jacobian wv
           1   100.930016190072      -1.625325132781213E-022
           2   100.354786085820      -7.527171844213265E-022
           3   99.7034237843065      -3.440783646952006E-021
           4   98.9670498457964      -1.384414347662550E-020
           5   98.1361037562144      -3.896184024130313E-020
           6   97.2003974831519      -1.464999582295452E-019
           7   96.1492408850884      -1.595252004454029E-018
           8   94.9715823060026      -8.729104812685724E-018
           9   93.6562065508496      -1.080189336383037E-016
          10   92.1920070494949      -1.126912580478608E-015
          11   90.5683277209335      -1.600458067613329E-014
          12   88.7753810751211      -2.836296082424939E-013
          13   86.8047167811488      -5.125095536995488E-012
          14   84.6497693161444      -1.048011750429787E-010
          15   82.3064483339245      -2.059690414058271E-009
          16   79.7737184552477      -3.515810225621675E-008
          17   77.0541665042337      -4.709194529475822E-007
          18   74.1544981412689      -5.432880448660960E-006
          19   71.0858876617323      -4.763775248860020E-005
          20   67.8641433419238      -2.826210679891544E-004
          21   64.5096604430966      -5.983406819755580E-004
          22   61.0471004582044      -4.006461297945285E-003
          23   57.5047969381737      -2.279147883579132E-002
          24   53.9139200864628      -0.110837368887783     
          25   50.3074226792622      -0.386736154254825     
          26   46.7188553907442       -1.17533147017424     
          27   43.1811403178477       -3.29953189498671     
          28   39.7253921020927       -6.81304564601232     
          29   36.3798705172704       -11.0919994640410     
          30   33.1691410675722       -14.7384996343326     
          31   30.1134948852151       -17.2902296457654     
          32   27.2286363015048       -15.4246781958714     
          33   24.5256204001092       -11.6690589144533     
          34   22.0109371521345       -8.16279446385678     
          35   19.6868328057542       -5.71513100578661     
          36   17.5518919608348       -4.21259924444801     
          37   15.6016519616747       -3.29753780082646     
          38   13.8291943172722       -1.93004553967479     
          39   12.2257305010218      -0.296191231469824     
          40   10.7811396093628      -5.610207948162963E-002
          41   9.48444617104762      -1.374800396597572E-002
          42   8.32423555156817      -3.710110358097107E-003
          43   7.28899188610806      -1.111135156723685E-003
          44   6.36744072072844      -3.826085500457737E-004
          45   5.54891765133637      -1.506078891838291E-004
          46   4.82345163649048      -7.173332455086047E-005
          47   4.18168862358133      -4.325142506412232E-005
          48   3.61492857596243      -3.061704708715551E-005
          49   3.11515193106151      -1.579662533314520E-005
          50   2.67502150328609      -8.799868424980927E-006
          51   2.28786764029471      -6.660421201811043E-006
          52   1.94765948261730      -4.365724242066384E-006
          53   1.64897200541825      -2.788745150691661E-006
          54   1.38694320525960      -1.920822583373056E-006
          55   1.15723006331523      -1.458013275586355E-006
          56  0.955967631039691      -1.217307159942313E-006
          57  0.779722531596860      -9.445856195073915E-007
          58  0.625452421032079      -7.069897518209589E-007
          59  0.490464676355272      -6.583590700621611E-007
          60  0.372378469254306      -7.666075339633303E-007
          61  0.269083787099982      -7.457697749461690E-007
          62  0.178689388225722      -1.270516977595691E-006
          63  9.938258918294017E-002 -1.261929802627181E-006
          64  4.065807297735977E-002 -3.115550005209573E-006
