 jacobian for channel i, lat, lon
         388   4.63061000000000        238.922250000000     
 model level, layer pressure, jacobian virtual temp
           1   100.930016190072       1.644872476562001E-003
           2   100.354786085820       1.907479357710000E-003
           3   99.7034237843065       2.247571911776536E-003
           4   98.9670498457964       2.668148802575619E-003
           5   98.1361037562144       2.983040301677933E-003
           6   97.2003974831519       3.579100974913053E-003
           7   96.1492408850884       4.239550565624339E-003
           8   94.9715823060026       4.838975016136504E-003
           9   93.6562065508496       5.846261570317686E-003
          10   92.1920070494949       6.694744362194257E-003
          11   90.5683277209335       8.187422689780979E-003
          12   88.7753810751211       1.027208058962092E-002
          13   86.8047167811488       1.263515665390408E-002
          14   84.6497693161444       1.606072602508549E-002
          15   82.3064483339245       2.026104762055494E-002
          16   79.7737184552477       2.493329476401899E-002
          17   77.0541665042337       3.009051887314827E-002
          18   74.1544981412689       3.542721029644376E-002
          19   71.0858876617323       4.033369062261725E-002
          20   67.8641433419238       4.549727963932263E-002
          21   64.5096604430966       4.875562937094193E-002
          22   61.0471004582044       5.282854704847266E-002
          23   57.5047969381737       5.563602239924239E-002
          24   53.9139200864628       5.721099877895109E-002
          25   50.3074226792622       5.642613668141177E-002
          26   46.7188553907442       5.082113033795387E-002
          27   43.1811403178477       4.481676341272535E-002
          28   39.7253921020927       3.793784939664131E-002
          29   36.3798705172704       2.809694147430927E-002
          30   33.1691410675722       1.853420568228364E-002
          31   30.1134948852151       1.227505916536712E-002
          32   27.2286363015048       7.290448386508097E-003
          33   24.5256204001092       4.710289418006497E-003
          34   22.0109371521345       3.754704507570518E-003
          35   19.6868328057542       3.670769123208490E-003
          36   17.5518919608348       3.736984774075688E-003
          37   15.6016519616747       3.583946271736174E-003
          38   13.8291943172722       3.339415680574635E-003
          39   12.2257305010218       3.090534581042020E-003
          40   10.7811396093628       2.943695769811859E-003
          41   9.48444617104762       2.448076712096427E-003
          42   8.32423555156817       1.948885969823644E-003
          43   7.28899188610806       1.392677935748852E-003
          44   6.36744072072844       7.732870607753502E-004
          45   5.54891765133637       3.647846301844029E-004
          46   4.82345163649048       2.049973245418689E-005
          47   4.18168862358133      -2.455566634178475E-004
          48   3.61492857596243      -3.924243625397456E-004
          49   3.11515193106151      -3.626749528064237E-004
          50   2.67502150328609      -3.215527671191092E-004
          51   2.28786764029471      -2.789099553800976E-004
          52   1.94765948261730      -1.957051055524846E-004
          53   1.64897200541825      -1.043953358193736E-004
          54   1.38694320525960      -3.253290964637653E-005
          55   1.15723006331523       1.425399342023727E-005
          56  0.955967631039691       4.883408765189415E-005
          57  0.779722531596860       4.826079834383378E-005
          58  0.625452421032079       4.489129063216519E-005
          59  0.490464676355272       8.490642930761846E-005
          60  0.372378469254306       1.716655689646615E-004
          61  0.269083787099982       3.129140143863606E-004
          62  0.178689388225722       1.605636560621327E-003
          63  9.938258918294017E-002  2.541973465557464E-003
          64  4.065807297735977E-002  8.712505512326995E-004
 model level, layer pressure, jacobian wv
           1   100.930016190072      -0.299114272221252     
           2   100.354786085820      -0.363473177021265     
           3   99.7034237843065      -0.436669805014521     
           4   98.9670498457964      -0.523089198985445     
           5   98.1361037562144      -0.592868358969525     
           6   97.2003974831519      -0.716749480774504     
           7   96.1492408850884      -0.866244023203162     
           8   94.9715823060026       -1.01837326985010     
           9   93.6562065508496       -1.24337759585137     
          10   92.1920070494949       -1.47286138295024     
          11   90.5683277209335       -1.77112525529959     
          12   88.7753810751211       -2.16625365504108     
          13   86.8047167811488       -2.58313868271777     
          14   84.6497693161444       -3.15158815563048     
          15   82.3064483339245       -3.86293999536186     
          16   79.7737184552477       -4.67044021269933     
          17   77.0541665042337       -5.56712887650517     
          18   74.1544981412689       -6.49544817914074     
          19   71.0858876617323       -7.41627240573379     
          20   67.8641433419238       -8.42199928454662     
          21   64.5096604430966       -9.34256192061844     
          22   61.0471004582044       -10.2859700010892     
          23   57.5047969381737       -10.7078001101027     
          24   53.9139200864628       -10.7744754694939     
          25   50.3074226792622       -10.6749693762640     
          26   46.7188553907442       -9.67781738755899     
          27   43.1811403178477       -8.31958763056587     
          28   39.7253921020927       -7.04575174802077     
          29   36.3798705172704       -5.20379178634147     
          30   33.1691410675722       -3.33941471285496     
          31   30.1134948852151       -2.04006198943089     
          32   27.2286363015048       -1.20995413464019     
          33   24.5256204001092      -0.852505817464531     
          34   22.0109371521345      -0.727329430048112     
          35   19.6868328057542      -0.661971939440540     
          36   17.5518919608348      -0.594986460560764     
          37   15.6016519616747      -0.521849013928095     
          38   13.8291943172722      -0.328383881316056     
          39   12.2257305010218      -5.038399213349403E-002
          40   10.7811396093628      -9.958244563221974E-003
          41   9.48444617104762      -2.082171362630431E-003
          42   8.32423555156817      -4.805183679905313E-004
          43   7.28899188610806      -1.153313602551292E-004
          44   6.36744072072844      -2.455104339697563E-005
          45   5.54891765133637      -4.920079175468221E-006
          46   4.82345163649048      -1.305796193249759E-007
          47   4.18168862358133       8.164271573843980E-007
          48   3.61492857596243       7.356488022129792E-007
          49   3.11515193106151       3.984477603004223E-007
          50   2.67502150328609       2.211276545427351E-007
          51   2.28786764029471       1.294555772400268E-007
          52   1.94765948261730       6.349579846944555E-008
          53   1.64897200541825       2.464373505865874E-008
          54   1.38694320525960       5.825492423175064E-009
          55   1.15723006331523      -2.013087092720343E-009
          56  0.955967631039691      -5.628396465619017E-009
          57  0.779722531596860      -4.630806288921558E-009
          58  0.625452421032079      -3.665607931722969E-009
          59  0.490464676355272      -6.089452896577468E-009
          60  0.372378469254306      -1.118398283891194E-008
          61  0.269083787099982      -1.855608172131628E-008
          62  0.178689388225722      -9.164677485774103E-008
          63  9.938258918294017E-002 -1.344994449927238E-007
          64  4.065807297735977E-002 -4.110560581150380E-008
