 jacobian for channel i, lat, lon
          90   4.63061000000000        238.922250000000     
 model level, layer pressure, jacobian virtual temp
           1   100.930016190072       9.204524907559145E-004
           2   100.354786085820       1.160455041278530E-003
           3   99.7034237843065       1.463995113593744E-003
           4   98.9670498457964       1.865098748678999E-003
           5   98.1361037562144       2.336968061551975E-003
           6   97.2003974831519       3.061393457834783E-003
           7   96.1492408850884       4.079721920715513E-003
           8   94.9715823060026       5.461726329554156E-003
           9   93.6562065508496       7.509895379830268E-003
          10   92.1920070494949       1.007325648141049E-002
          11   90.5683277209335       1.303104974984538E-002
          12   88.7753810751211       1.640596292534186E-002
          13   86.8047167811488       1.821283552911343E-002
          14   84.6497693161444       1.982934041025038E-002
          15   82.3064483339245       2.079344022222447E-002
          16   79.7737184552477       2.176335060859502E-002
          17   77.0541665042337       2.311906352874901E-002
          18   74.1544981412689       2.462296612599734E-002
          19   71.0858876617323       2.727745905678524E-002
          20   67.8641433419238       3.119550008265907E-002
          21   64.5096604430966       3.617532257855186E-002
          22   61.0471004582044       4.101205571456638E-002
          23   57.5047969381737       4.186155694708837E-002
          24   53.9139200864628       4.188620604451352E-002
          25   50.3074226792622       4.309974223117175E-002
          26   46.7188553907442       4.228322974702805E-002
          27   43.1811403178477       4.040504695727463E-002
          28   39.7253921020927       3.857461899918362E-002
          29   36.3798705172704       3.463105510115317E-002
          30   33.1691410675722       2.929844474831031E-002
          31   30.1134948852151       2.441662265283395E-002
          32   27.2286363015048       1.890133182763643E-002
          33   24.5256204001092       1.395010523102759E-002
          34   22.0109371521345       9.592441763474041E-003
          35   19.6868328057542       6.172151857086174E-003
          36   17.5518919608348       3.759730493140294E-003
          37   15.6016519616747       2.158549774415382E-003
          38   13.8291943172722       9.519423946560362E-004
          39   12.2257305010218      -5.197559034571508E-005
          40   10.7811396093628      -7.326413764482508E-004
          41   9.48444617104762      -5.904108224664495E-004
          42   8.32423555156817      -4.323546721534320E-004
          43   7.28899188610806       3.127940941563667E-005
          44   6.36744072072844       6.855213927940698E-004
          45   5.54891765133637       1.139722061088775E-003
          46   4.82345163649048       1.810791532121714E-003
          47   4.18168862358133       2.708243920513248E-003
          48   3.61492857596243       3.700383470066901E-003
          49   3.11515193106151       3.515839339221173E-003
          50   2.67502150328609       3.381139587429657E-003
          51   2.28786764029471       3.721424845394366E-003
          52   1.94765948261730       3.717911223247953E-003
          53   1.64897200541825       3.536772884441714E-003
          54   1.38694320525960       3.399040978947263E-003
          55   1.15723006331523       3.300841483413381E-003
          56  0.955967631039691       3.213434969539338E-003
          57  0.779722531596860       2.974873696211961E-003
          58  0.625452421032079       2.592503796321904E-003
          59  0.490464676355272       2.429200918035521E-003
          60  0.372378469254306       2.325927280832503E-003
          61  0.269083787099982       2.085510121378456E-003
          62  0.178689388225722       2.169093374997658E-003
          63  9.938258918294017E-002  1.866874832916299E-003
          64  4.065807297735977E-002  2.001949839423472E-003
 model level, layer pressure, jacobian wv
           1   100.930016190072      -0.167381046743605     
           2   100.354786085820      -0.368413670614169     
           3   99.7034237843065      -0.542641795663355     
           4   98.9670498457964      -0.751081775508629     
           5   98.1361037562144       -1.00920655917660     
           6   97.2003974831519       -1.36462377157853     
           7   96.1492408850884       -2.00640645934813     
           8   94.9715823060026       -2.92777368503920     
           9   93.6562065508496       -4.07824794271905     
          10   92.1920070494949       -6.02585793951881     
          11   90.5683277209335       -7.26798910207673     
          12   88.7753810751211       -8.47072939464732     
          13   86.8047167811488       -9.11479868026300     
          14   84.6497693161444       -9.00182702580117     
          15   82.3064483339245       -9.10529689133325     
          16   79.7737184552477       -9.89287895956603     
          17   77.0541665042337       -11.1848659806897     
          18   74.1544981412689       -12.9184490827040     
          19   71.0858876617323       -17.0483180507646     
          20   67.8641433419238       -22.8241969215278     
          21   64.5096604430966       -35.4802082390072     
          22   61.0471004582044       -45.2847789085438     
          23   57.5047969381737       -47.2592457182678     
          24   53.9139200864628       -45.5622811309004     
          25   50.3074226792622       -49.9070383236167     
          26   46.7188553907442       -52.1457653977396     
          27   43.1811403178477       -45.8924574903926     
          28   39.7253921020927       -44.4813175844113     
          29   36.3798705172704       -40.1214299867527     
          30   33.1691410675722       -32.3830782482491     
          31   30.1134948852151       -23.8882513645231     
          32   27.2286363015048       -21.9104410500364     
          33   24.5256204001092       -22.1166670171854     
          34   22.0109371521345       -21.9879413317046     
          35   19.6868328057542       -19.6116572733021     
          36   17.5518919608348       -16.3074340179055     
          37   15.6016519616747       -13.4296496853028     
          38   13.8291943172722       -7.94674457253416     
          39   12.2257305010218       -1.19619599719094     
          40   10.7811396093628      -0.214880885228220     
          41   9.48444617104762      -4.479410642793564E-002
          42   8.32423555156817      -1.007851036108232E-002
          43   7.28899188610806      -2.585599953492163E-003
          44   6.36744072072844      -7.320176414296265E-004
          45   5.54891765133637      -2.329863811856625E-004
          46   4.82345163649048      -8.249872183882009E-005
          47   4.18168862358133      -3.351613179687538E-005
          48   3.61492857596243      -1.573813267561419E-005
          49   3.11515193106151      -7.772353339297404E-006
          50   2.67502150328609      -4.255974393786767E-006
          51   2.28786764029471      -2.780299355554735E-006
          52   1.94765948261730      -1.891431502650424E-006
          53   1.64897200541825      -1.222194445817860E-006
          54   1.38694320525960      -7.586317916390501E-007
          55   1.15723006331523      -4.834585756276653E-007
          56  0.955967631039691      -3.703660065071419E-007
          57  0.779722531596860      -2.854503923250126E-007
          58  0.625452421032079      -2.116914516155698E-007
          59  0.490464676355272      -1.742212537652052E-007
          60  0.372378469254306      -1.515337697027807E-007
          61  0.269083787099982      -1.236726207959119E-007
          62  0.178689388225722      -1.238078510786418E-007
          63  9.938258918294017E-002 -9.877901256654559E-008
          64  4.065807297735977E-002 -9.445200446337009E-008
