 jacobian for channel i, lat, lon
         373   4.63061000000000        238.922250000000     
 model level, layer pressure, jacobian virtual temp
           1   100.930016190072       2.966466505069175E-086
           2   100.354786085820       2.321253469355267E-084
           3   99.7034237843065       3.318979825724960E-082
           4   98.9670498457964       9.355365620313195E-080
           5   98.1361037562144       5.248839934579321E-077
           6   97.2003974831519       6.945522339240666E-074
           7   96.1492408850884       2.349146337884298E-070
           8   94.9715823060026       2.125644361605382E-066
           9   93.6562065508496      -2.498076071924227E-059
          10   92.1920070494949       5.965761417050625E-058
          11   90.5683277209335       1.187939053316473E-053
          12   88.7753810751211      -1.485907665965589E-048
          13   86.8047167811488       1.580292712037197E-045
          14   84.6497693161444       5.424282102191376E-042
          15   82.3064483339245       5.626194232391988E-039
          16   79.7737184552477       1.960223939825897E-036
          17   77.0541665042337       2.882058596922658E-034
          18   74.1544981412689       1.583200456920634E-032
          19   71.0858876617323       9.659395305607152E-031
          20   67.8641433419238       1.665008168777059E-028
          21   64.5096604430966       3.220601342323439E-025
          22   61.0471004582044       5.884704501058797E-021
          23   57.5047969381737       8.757204920792615E-017
          24   53.9139200864628       5.033752723320216E-013
          25   50.3074226792622       9.956193201914991E-010
          26   46.7188553907442       2.064077407585274E-007
          27   43.1811403178477       4.524845056139521E-006
          28   39.7253921020927       2.124860411633755E-005
          29   36.3798705172704       5.139595970953874E-005
          30   33.1691410675722       1.633091143934755E-004
          31   30.1134948852151       6.753893212563775E-004
          32   27.2286363015048       2.179402319710118E-003
          33   24.5256204001092       4.986986994711995E-003
          34   22.0109371521345       8.160680741739510E-003
          35   19.6868328057542       1.028122208814284E-002
          36   17.5518919608348       1.079276613105006E-002
          37   15.6016519616747       9.810542618432987E-003
          38   13.8291943172722       7.380929743239993E-003
          39   12.2257305010218       4.530123920538613E-003
          40   10.7811396093628       2.186664631875312E-003
          41   9.48444617104762       2.068807755119160E-003
          42   8.32423555156817       1.836653594656737E-003
          43   7.28899188610806       2.734390099197795E-003
          44   6.36744072072844       4.967729629220696E-003
          45   5.54891765133637       6.726641775760667E-003
          46   4.82345163649048       1.064809823060628E-002
          47   4.18168862358133       1.899542107307801E-002
          48   3.61492857596243       3.073433852213229E-002
          49   3.11515193106151       2.759976492863309E-002
          50   2.67502150328609       2.507519096020883E-002
          51   2.28786764029471       3.136752379140052E-002
          52   1.94765948261730       3.020923771654615E-002
          53   1.64897200541825       2.697041687513070E-002
          54   1.38694320525960       2.511616166976275E-002
          55   1.15723006331523       2.483808625201464E-002
          56  0.955967631039691       2.649378071559438E-002
          57  0.779722531596860       2.533380599653312E-002
          58  0.625452421032079       2.284603543443260E-002
          59  0.490464676355272       2.554001855190856E-002
          60  0.372378469254306       3.490251740745601E-002
          61  0.269083787099982       3.894922538717627E-002
          62  0.178689388225722       6.905525579694838E-002
          63  9.938258918294017E-002  5.910989138493290E-002
          64  4.065807297735977E-002  7.760356362697382E-002
 model level, layer pressure, jacobian wv
           1   100.930016190072      -5.394414961499546E-084
           2   100.354786085820      -4.213816426540101E-082
           3   99.7034237843065      -6.013682288612733E-080
           4   98.9670498457964      -1.691495443434010E-077
           5   98.1361037562144      -9.467401567366729E-075
           6   97.2003974831519      -1.249364506963013E-071
           7   96.1492408850884      -4.212687337481217E-068
           8   94.9715823060026      -3.798749372902965E-064
           9   93.6562065508496      -5.702103377500436E-056
          10   92.1920070494949      -3.512672564313912E-055
          11   90.5683277209335      -3.351352312717790E-051
          12   88.7753810751211      -3.726027463915796E-045
          13   86.8047167811488      -3.237833249481188E-043
          14   84.6497693161444      -1.559816997736547E-039
          15   82.3064483339245      -2.872565865220975E-036
          16   79.7737184552477      -1.140683815326930E-033
          17   77.0541665042337      -1.187911359795262E-031
          18   74.1544981412689      -8.970292216353814E-030
          19   71.0858876617323      -1.099202064315253E-027
          20   67.8641433419238      -1.180579252907829E-025
          21   64.5096604430966      -4.541915010446271E-022
          22   61.0471004582044      -5.318035446221461E-018
          23   57.5047969381737      -7.475705179167711E-014
          24   53.9139200864628      -4.729381678374689E-010
          25   50.3074226792622      -4.402591525261752E-007
          26   46.7188553907442      -2.371236847271652E-005
          27   43.1811403178477      -9.246247723975261E-004
          28   39.7253921020927      -6.462799275616033E-003
          29   36.3798705172704      -7.728496091178716E-002
          30   33.1691410675722      -0.353401296205884     
          31   30.1134948852151      -0.952475571630058     
          32   27.2286363015048       -1.76894205629798     
          33   24.5256204001092       -2.41737565405828     
          34   22.0109371521345       -2.94250381466051     
          35   19.6868328057542       -3.34639722583754     
          36   17.5518919608348       -3.35979919079850     
          37   15.6016519616747       -2.94925975619540     
          38   13.8291943172722       -1.63255899551094     
          39   12.2257305010218      -0.204828120198620     
          40   10.7811396093628      -2.733939941198211E-002
          41   9.48444617104762      -5.534289415998111E-003
          42   8.32423555156817      -1.326941913422896E-003
          43   7.28899188610806      -5.133362473368479E-004
          44   6.36744072072844      -2.789572878484475E-004
          45   5.54891765133637      -1.447789388337990E-004
          46   4.82345163649048      -9.516252315584701E-005
          47   4.18168862358133      -7.841580214729089E-005
          48   3.61492857596243      -6.633750494860470E-005
          49   3.11515193106151      -3.499447923382557E-005
          50   2.67502150328609      -1.988369632285665E-005
          51   2.28786764029471      -1.621858663979132E-005
          52   1.94765948261730      -1.085420187470623E-005
          53   1.64897200541825      -7.049484289194148E-006
          54   1.38694320525960      -4.961426733947881E-006
          55   1.15723006331523      -3.835379548671305E-006
          56  0.955967631039691      -3.294422989190563E-006
          57  0.779722531596860      -2.610569609983873E-006
          58  0.625452421032079      -2.000230537338404E-006
          59  0.490464676355272      -1.937622659254223E-006
          60  0.372378469254306      -2.357673633007466E-006
          61  0.269083787099982      -2.373722276143830E-006
          62  0.178689388225722      -3.973566285926988E-006
          63  9.938258918294017E-002 -3.159590514992631E-006
          64  4.065807297735977E-002 -3.695833148404672E-006
