 jacobian for channel i, lat, lon
         378   4.63061000000000        238.922250000000     
 model level, layer pressure, jacobian virtual temp
           1   100.930016190072       5.604750952565577E-048
           2   100.354786085820       6.378684791238195E-048
           3   99.7034237843065       7.218740819525973E-048
           4   98.9670498457964       8.122776225346984E-048
           5   98.1361037562144       8.749542631718061E-048
           6   97.2003974831519       9.811130369739103E-048
           7   96.1492408850884       1.087185325363523E-047
           8   94.9715823060026       1.175603625283608E-047
           9   93.6562065508496       1.297681414950839E-047
          10   92.1920070494949       1.386311477384821E-047
          11   90.5683277209335       1.517176222645750E-047
          12   88.7753810751211       1.682320299930447E-047
          13   86.8047167811488       1.816590534338591E-047
          14   84.6497693161444       1.992324374058559E-047
          15   82.3064483339245       2.154012696550552E-047
          16   79.7737184552477       2.276412145496759E-047
          17   77.0541665042337       2.367664768733739E-047
          18   74.1544981412689       3.636798207881038E-036
          19   71.0858876617323       1.921135474071414E-025
          20   67.8641433419238       7.901796525532481E-016
          21   64.5096604430966       4.559632626497141E-011
          22   61.0471004582044       6.766581707390555E-008
          23   57.5047969381737       5.676107723551860E-006
          24   53.9139200864628       8.131031393568166E-005
          25   50.3074226792622       5.640827539166901E-004
          26   46.7188553907442       2.241549357687142E-003
          27   43.1811403178477       6.983808438917533E-003
          28   39.7253921020927       1.761938324259042E-002
          29   36.3798705172704       3.363427802008603E-002
          30   33.1691410675722       4.958084429587069E-002
          31   30.1134948852151       6.344948911338052E-002
          32   27.2286363015048       6.233702031402731E-002
          33   24.5256204001092       5.099110043724787E-002
          34   22.0109371521345       3.422890583792843E-002
          35   19.6868328057542       1.926473408525604E-002
          36   17.5518919608348       9.188156277284087E-003
          37   15.6016519616747       3.293751096211687E-003
          38   13.8291943172722      -4.171993807390731E-004
          39   12.2257305010218      -2.540421142047446E-003
          40   10.7811396093628      -3.229737268972800E-003
          41   9.48444617104762      -1.719780302391256E-003
          42   8.32423555156817      -1.019894161505530E-003
          43   7.28899188610806      -5.065214588346015E-004
          44   6.36744072072844       4.636383047095494E-004
          45   5.54891765133637       1.476981063527448E-003
          46   4.82345163649048       3.640344532496150E-003
          47   4.18168862358133       7.990465859552326E-003
          48   3.61492857596243       1.426245345565669E-002
          49   3.11515193106151       1.263019332629670E-002
          50   2.67502150328609       1.149647443016141E-002
          51   2.28786764029471       1.480179034654001E-002
          52   1.94765948261730       1.446413732619074E-002
          53   1.64897200541825       1.284745848461472E-002
          54   1.38694320525960       1.187746651378658E-002
          55   1.15723006331523       1.175936203121699E-002
          56  0.955967631039691       1.242062885331718E-002
          57  0.779722531596860       1.153956796284763E-002
          58  0.625452421032079       9.894144624961720E-003
          59  0.490464676355272       1.060917749940934E-002
          60  0.372378469254306       1.398854895616568E-002
          61  0.269083787099982       1.473785810947824E-002
          62  0.178689388225722       2.609137728462992E-002
          63  9.938258918294017E-002  2.536705143122773E-002
          64  4.065807297735977E-002  7.601281268323358E-002
 model level, layer pressure, jacobian wv
           1   100.930016190072      -1.019204239870342E-045
           2   100.354786085820      -1.157935016915951E-045
           3   99.7034237843065      -1.307968595530311E-045
           4   98.9670498457964      -1.468637307276993E-045
           5   98.1361037562144      -1.578166502650430E-045
           6   97.2003974831519      -1.764831708608259E-045
           7   96.1492408850884      -1.949632417441969E-045
           8   94.9715823060026      -2.100926954194617E-045
           9   93.6562065508496      -2.310176666999784E-045
          10   92.1920070494949      -2.457485383952251E-045
          11   90.5683277209335      -2.681729007812352E-045
          12   88.7753810751211      -2.971333904300314E-045
          13   86.8047167811488      -3.204559822620833E-045
          14   84.6497693161444      -3.513388007199422E-045
          15   82.3064483339245      -3.794983350340704E-045
          16   79.7737184552477      -3.999263617146545E-045
          17   77.0541665042337      -4.141855018222249E-045
          18   74.1544981412689      -6.330053446266619E-034
          19   71.0858876617323      -3.321407243345436E-023
          20   67.8641433419238      -1.354862492902624E-013
          21   64.5096604430966      -7.750196083385013E-009
          22   61.0471004582044      -1.139787690321459E-005
          23   57.5047969381737      -9.475438699086277E-004
          24   53.9139200864628      -1.345010626900597E-002
          25   50.3074226792622      -9.236112129792751E-002
          26   46.7188553907442      -0.361857038731382     
          27   43.1811403178477       -1.11250542126991     
          28   39.7253921020927       -2.76839591948037     
          29   36.3798705172704       -5.18431711538293     
          30   33.1691410675722       -7.46609367296744     
          31   30.1134948852151       -9.35092471862498     
          32   27.2286363015048       -8.95601547206713     
          33   24.5256204001092       -7.13264275178710     
          34   22.0109371521345       -4.65579994580059     
          35   19.6868328057542       -2.54924284995366     
          36   17.5518919608348       -1.18537676356423     
          37   15.6016519616747      -0.415141656617671     
          38   13.8291943172722       3.717008240183764E-002
          39   12.2257305010218       4.063886868588706E-002
          40   10.7811396093628       1.093633401310910E-002
          41   9.48444617104762       1.462633898772031E-003
          42   8.32423555156817       2.514656504269751E-004
          43   7.28899188610806       4.194638785197341E-005
          44   6.36744072072844      -1.472002405938512E-005
          45   5.54891765133637      -1.992097027100297E-005
          46   4.82345163649048      -2.318834181506683E-005
          47   4.18168862358133      -2.656671269714457E-005
          48   3.61492857596243      -2.673676204343594E-005
          49   3.11515193106151      -1.387598510479526E-005
          50   2.67502150328609      -7.905975896361805E-006
          51   2.28786764029471      -6.870225592649918E-006
          52   1.94765948261730      -4.692835918130355E-006
          53   1.64897200541825      -3.032792227612207E-006
          54   1.38694320525960      -2.126833779538245E-006
          55   1.15723006331523      -1.660771071358789E-006
          56  0.955967631039691      -1.431545604724007E-006
          57  0.779722531596860      -1.107265228251662E-006
          58  0.625452421032079      -8.079084941453506E-007
          59  0.490464676355272      -7.608856853468686E-007
          60  0.372378469254306      -9.113516030651574E-007
          61  0.269083787099982      -8.739682050129441E-007
          62  0.178689388225722      -1.489247715440377E-006
          63  9.938258918294017E-002 -1.342206905316290E-006
          64  4.065807297735977E-002 -3.586284921553122E-006
