 jacobian for channel i, lat, lon
          48   4.63061000000000        238.922250000000     
 model level, layer pressure, jacobian virtual temp
           1   100.930016190072       1.478685554605428E-153
           2   100.354786085820       1.478851938071135E-153
           3   99.7034237843065       1.478905438850136E-153
           4   98.9670498457964       1.478932700659047E-153
           5   98.1361037562144       1.478948859642260E-153
           6   97.2003974831519       1.478960496638286E-153
           7   96.1492408850884       1.478972150383861E-153
           8   94.9715823060026       1.478988465543019E-153
           9   93.6562065508496       1.479021013846604E-153
          10   92.1920070494949       1.479101806701766E-153
          11   90.5683277209335       1.480032282731457E-153
          12   88.7753810751211       4.601424232363641E-042
          13   86.8047167811488       2.028170064657211E-034
          14   84.6497693161444       1.058650013436803E-032
          15   82.3064483339245       9.301190376621601E-034
          16   79.7737184552477       6.659086312336712E-034
          17   77.0541665042337       4.539251163985562E-034
          18   74.1544981412689       1.827654436866104E-031
          19   71.0858876617323       1.186127292260595E-019
          20   67.8641433419238       9.299254471717809E-013
          21   64.5096604430966       3.091339177709447E-009
          22   61.0471004582044       8.719278313791189E-007
          23   57.5047969381737       3.153855397236013E-005
          24   53.9139200864628       2.689487753056963E-004
          25   50.3074226792622       1.071716146276036E-003
          26   46.7188553907442       2.934210413173060E-003
          27   43.1811403178477       6.493397834768439E-003
          28   39.7253921020927       1.254266681274434E-002
          29   36.3798705172704       2.107678156325255E-002
          30   33.1691410675722       3.111679051007626E-002
          31   30.1134948852151       4.199646622191579E-002
          32   27.2286363015048       4.970644006374308E-002
          33   24.5256204001092       5.363045094715474E-002
          34   22.0109371521345       5.273870860283405E-002
          35   19.6868328057542       4.825716174115380E-002
          36   17.5518919608348       4.200246590717532E-002
          37   15.6016519616747       3.505571198846860E-002
          38   13.8291943172722       2.727468586031535E-002
          39   12.2257305010218       1.955274712554920E-002
          40   10.7811396093628       1.323009738997907E-002
          41   9.48444617104762       1.183836767557062E-002
          42   8.32423555156817       1.056889691258526E-002
          43   7.28899188610806       1.188389218282617E-002
          44   6.36744072072844       1.497776348546559E-002
          45   5.54891765133637       1.673232098046456E-002
          46   4.82345163649048       1.962158414646901E-002
          47   4.18168862358133       2.364130784465210E-002
          48   3.61492857596243       2.719450202009639E-002
          49   3.11515193106151       2.438687335023203E-002
          50   2.67502150328609       2.176891815793907E-002
          51   2.28786764029471       2.198926123526305E-002
          52   1.94765948261730       2.013918489971636E-002
          53   1.64897200541825       1.786270015839616E-002
          54   1.38694320525960       1.609129093206541E-002
          55   1.15723006331523       1.463856418618847E-002
          56  0.955967631039691       1.373460481229609E-002
          57  0.779722531596860       1.238161316336549E-002
          58  0.625452421032079       1.061444584290338E-002
          59  0.490464676355272       9.975182366420445E-003
          60  0.372378469254306       9.908003759759627E-003
          61  0.269083787099982       9.280727048471526E-003
          62  0.178689388225722       1.014023491764478E-002
          63  9.938258918294017E-002  9.813959468220262E-003
          64  4.065807297735977E-002  1.110949519008312E-002
 model level, layer pressure, jacobian wv
           1   100.930016190072      -2.688937652080711E-151
           2   100.354786085820      -2.684588594624979E-151
           3   99.7034237843065      -2.679638898438762E-151
           4   98.9670498457964      -2.673981996896647E-151
           5   98.1361037562144      -2.667599493668798E-151
           6   97.2003974831519      -2.660362549351869E-151
           7   96.1492408850884      -2.652217594933127E-151
           8   94.9715823060026      -2.643107477192969E-151
           9   93.6562065508496      -2.633003599207925E-151
          10   92.1920070494949      -2.621972861541827E-151
          11   90.5683277209335      -2.616074155300301E-151
          12   88.7753810751211      -8.127089609663747E-040
          13   86.8047167811488      -3.577797076328585E-032
          14   84.6497693161444      -1.884692463862356E-030
          15   82.3064483339245      -2.571884594772922E-031
          16   79.7737184552477      -3.539432641392444E-031
          17   77.0541665042337      -4.807659181872052E-031
          18   74.1544981412689      -3.184848948603405E-029
          19   71.0858876617323      -2.050668385033217E-017
          20   67.8641433419238      -1.623482920162786E-010
          21   64.5096604430966      -5.457939710520468E-007
          22   61.0471004582044      -1.504253347273235E-004
          23   57.5047969381737      -5.385313238667723E-003
          24   53.9139200864628      -4.622682543254205E-002
          25   50.3074226792622      -0.188489820507100     
          26   46.7188553907442      -0.526604232512053     
          27   43.1811403178477       -1.16014105462325     
          28   39.7253921020927       -2.26347069125900     
          29   36.3798705172704       -3.84091523691337     
          30   33.1691410675722       -5.60787295493685     
          31   30.1134948852151       -7.32814701928350     
          32   27.2286363015048       -8.88530317170187     
          33   24.5256204001092       -10.1221813962915     
          34   22.0109371521345       -10.7555236552388     
          35   19.6868328057542       -10.5192055173242     
          36   17.5518919608348       -9.67042098714433     
          37   15.6016519616747       -8.55780375560809     
          38   13.8291943172722       -5.25954967403718     
          39   12.2257305010218      -0.797261459539534     
          40   10.7811396093628      -0.141194618417695     
          41   9.48444617104762      -3.088556629117493E-002
          42   8.32423555156817      -7.393794391149651E-003
          43   7.28899188610806      -2.157235096909329E-003
          44   6.36744072072844      -7.700791703019328E-004
          45   5.54891765133637      -3.066693987257020E-004
          46   4.82345163649048      -1.453068259229325E-004
          47   4.18168862358133      -8.257917879096711E-005
          48   3.61492857596243      -5.068868184130326E-005
          49   3.11515193106151      -2.656090996601939E-005
          50   2.67502150328609      -1.478214635030290E-005
          51   2.28786764029471      -9.967353966695875E-006
          52   1.94765948261730      -6.319668513321589E-006
          53   1.64897200541825      -4.076332139655395E-006
          54   1.38694320525960      -2.811762453992545E-006
          55   1.15723006331523      -2.048141705055935E-006
          56  0.955967631039691      -1.582937843217569E-006
          57  0.779722531596860      -1.188062652743761E-006
          58  0.625452421032079      -8.667248440549878E-007
          59  0.490464676355272      -7.154158248135997E-007
          60  0.372378469254306      -6.455047723625804E-007
          61  0.269083787099982      -5.503554383218915E-007
          62  0.178689388225722      -5.787859153770017E-007
          63  9.938258918294017E-002 -5.192706059058872E-007
          64  4.065807297735977E-002 -5.241460443293147E-007
