 jacobian for channel i, lat, lon
          32   4.63061000000000        238.922250000000     
 model level, layer pressure, jacobian virtual temp
           1   100.930016190072       1.478685554605428E-153
           2   100.354786085820       1.478851938071135E-153
           3   99.7034237843065       1.478905438850136E-153
           4   98.9670498457964       1.478932700659047E-153
           5   98.1361037562144       1.478948859642260E-153
           6   97.2003974831519       1.478960496638286E-153
           7   96.1492408850884       1.478972150383861E-153
           8   94.9715823060026       1.478988465543019E-153
           9   93.6562065508496       1.479021013846604E-153
          10   92.1920070494949       1.479101806701766E-153
          11   90.5683277209335       4.904614813683482E-023
          12   88.7753810751211       2.104971541556219E-021
          13   86.8047167811488       1.341156995537094E-024
          14   84.6497693161444       1.979275673357480E-022
          15   82.3064483339245       9.676060970348644E-023
          16   79.7737184552477       8.535235640707579E-023
          17   77.0541665042337       1.010769357849025E-022
          18   74.1544981412689       6.712194371696478E-023
          19   71.0858876617323       5.484651855039393E-023
          20   67.8641433419238       6.257581675679080E-023
          21   64.5096604430966       8.810347872860748E-023
          22   61.0471004582044       9.702590944206425E-023
          23   57.5047969381737       6.893299127161271E-023
          24   53.9139200864628       4.130493931016997E-023
          25   50.3074226792622       3.454487528783310E-023
          26   46.7188553907442       2.483666681803273E-023
          27   43.1811403178477       1.238911142671836E-023
          28   39.7253921020927       5.256137928192183E-010
          29   36.3798705172704       1.105664535667994E-005
          30   33.1691410675722       3.330643724657872E-004
          31   30.1134948852151       1.469053782279695E-003
          32   27.2286363015048       3.697881256937850E-003
          33   24.5256204001092       7.645393383200578E-003
          34   22.0109371521345       1.347359777530862E-002
          35   19.6868328057542       2.062743641965430E-002
          36   17.5518919608348       2.809658420810993E-002
          37   15.6016519616747       3.461597420354581E-002
          38   13.8291943172722       3.872861626552151E-002
          39   12.2257305010218       3.991238340394209E-002
          40   10.7811396093628       3.861575454478441E-002
          41   9.48444617104762       3.879662881182159E-002
          42   8.32423555156817       3.752616815257497E-002
          43   7.28899188610806       3.835352236398939E-002
          44   6.36744072072844       4.108954761148079E-002
          45   5.54891765133637       4.194665705682484E-002
          46   4.82345163649048       4.354400186521166E-002
          47   4.18168862358133       4.753642595408065E-002
          48   3.61492857596243       5.017955000073120E-002
          49   3.11515193106151       4.575886696463208E-002
          50   2.67502150328609       4.108222603050166E-002
          51   2.28786764029471       4.069072359967896E-002
          52   1.94765948261730       3.707298450722283E-002
          53   1.64897200541825       3.335903213677313E-002
          54   1.38694320525960       3.040695861681359E-002
          55   1.15723006331523       2.754211041375223E-002
          56  0.955967631039691       2.582820391295247E-002
          57  0.779722531596860       2.350176024705861E-002
          58  0.625452421032079       2.037616434136867E-002
          59  0.490464676355272       1.905393498248657E-002
          60  0.372378469254306       1.854609373994780E-002
          61  0.269083787099982       1.743588661621273E-002
          62  0.178689388225722       1.890528754815177E-002
          63  9.938258918294017E-002  1.924259864226216E-002
          64  4.065807297735977E-002  1.827735035408517E-002
 model level, layer pressure, jacobian wv
           1   100.930016190072      -2.688937652080711E-151
           2   100.354786085820      -2.684588594624979E-151
           3   99.7034237843065      -2.679638898438762E-151
           4   98.9670498457964      -2.673981996896647E-151
           5   98.1361037562144      -2.667599493668798E-151
           6   97.2003974831519      -2.660362549351869E-151
           7   96.1492408850884      -2.652217594933127E-151
           8   94.9715823060026      -2.643107477192969E-151
           9   93.6562065508496      -2.633003599207925E-151
          10   92.1920070494949      -2.621972861541827E-151
          11   90.5683277209335      -1.041791424725238E-020
          12   88.7753810751211      -3.754956041533821E-019
          13   86.8047167811488      -4.643558850963229E-022
          14   84.6497693161444      -6.147293380220823E-020
          15   82.3064483339245      -2.804902137252810E-020
          16   79.7737184552477      -7.293940783717705E-020
          17   77.0541665042337      -1.257130976140247E-019
          18   74.1544981412689      -1.565609025314687E-019
          19   71.0858876617323      -2.168750171866870E-019
          20   67.8641433419238      -3.000737737505861E-019
          21   64.5096604430966      -4.731092061973483E-019
          22   61.0471004582044      -5.871618207593420E-019
          23   57.5047969381737      -5.799229015468451E-019
          24   53.9139200864628      -5.243293901312288E-019
          25   50.3074226792622      -5.442984524463564E-019
          26   46.7188553907442      -5.346198257935618E-019
          27   43.1811403178477      -4.319898579975816E-019
          28   39.7253921020927      -8.435506587364728E-008
          29   36.3798705172704      -1.727206196879811E-003
          30   33.1691410675722      -5.064478744553601E-002
          31   30.1134948852151      -0.220283861001762     
          32   27.2286363015048      -0.549869705726877     
          33   24.5256204001092       -1.12679981093643     
          34   22.0109371521345       -1.96680088911914     
          35   19.6868328057542       -2.96666536282272     
          36   17.5518919608348       -3.97175170463731     
          37   15.6016519616747       -4.81546226933901     
          38   13.8291943172722       -3.85358588109546     
          39   12.2257305010218      -0.724936084113452     
          40   10.7811396093628      -0.151231832228713     
          41   9.48444617104762      -3.775612569280821E-002
          42   8.32423555156817      -1.040199413782500E-002
          43   7.28899188610806      -3.427942979765542E-003
          44   6.36744072072844      -1.345764025322358E-003
          45   5.54891765133637      -5.686121088783948E-004
          46   4.82345163649048      -2.714272520783166E-004
          47   4.18168862358133      -1.524325323579855E-004
          48   3.61492857596243      -8.998369847573566E-005
          49   3.11515193106151      -4.834136010006549E-005
          50   2.67502150328609      -2.722781075113492E-005
          51   2.28786764029471      -1.815211537690781E-005
          52   1.94765948261730      -1.148942368772712E-005
          53   1.64897200541825      -7.536702379034655E-006
          54   1.38694320525960      -5.282279897389175E-006
          55   1.15723006331523      -3.845732745539926E-006
          56  0.955967631039691      -2.976853070878682E-006
          57  0.779722531596860      -2.255082859952544E-006
          58  0.625452421032079      -1.663820054536250E-006
          59  0.490464676355272      -1.366540090267236E-006
          60  0.372378469254306      -1.208274876362231E-006
          61  0.269083787099982      -1.033963715458795E-006
          62  0.178689388225722      -1.079078960979725E-006
          63  9.938258918294017E-002 -1.018153364962217E-006
          64  4.065807297735977E-002 -8.623254904927019E-007
