 jacobian for channel i, lat, lon
          96   4.63061000000000        238.922250000000     
 model level, layer pressure, jacobian virtual temp
           1   100.930016190072       2.743212325026500E-005
           2   100.354786085820       3.524141166847002E-005
           3   99.7034237843065       4.572664011974080E-005
           4   98.9670498457964       6.037342200195899E-005
           5   98.1361037562144       8.255552081165201E-005
           6   97.2003974831519       1.142828892123133E-004
           7   96.1492408850884       1.639512703036835E-004
           8   94.9715823060026       2.464510396400175E-004
           9   93.6562065508496       3.764757931020586E-004
          10   92.1920070494949       5.993240670043078E-004
          11   90.5683277209335       9.508669191005214E-004
          12   88.7753810751211       1.544328239826314E-003
          13   86.8047167811488       2.409265805312535E-003
          14   84.6497693161444       3.636849788585198E-003
          15   82.3064483339245       5.205277569901411E-003
          16   79.7737184552477       7.069307444641265E-003
          17   77.0541665042337       9.192458948008568E-003
          18   74.1544981412689       1.112613477440939E-002
          19   71.0858876617323       1.424806586649993E-002
          20   67.8641433419238       1.946654546245606E-002
          21   64.5096604430966       2.895595031183935E-002
          22   61.0471004582044       4.116128243570719E-002
          23   57.5047969381737       4.915735352990456E-002
          24   53.9139200864628       5.345922490156332E-002
          25   50.3074226792622       6.205249362409378E-002
          26   46.7188553907442       6.666859179220265E-002
          27   43.1811403178477       6.395896087691506E-002
          28   39.7253921020927       6.331314984678005E-002
          29   36.3798705172704       5.596102491255398E-002
          30   33.1691410675722       4.393016997553778E-002
          31   30.1134948852151       3.303374037682771E-002
          32   27.2286363015048       2.552540625882822E-002
          33   24.5256204001092       1.972910584614537E-002
          34   22.0109371521345       1.391037498041103E-002
          35   19.6868328057542       9.094100833912891E-003
          36   17.5518919608348       5.829141984970489E-003
          37   15.6016519616747       3.625331468119717E-003
          38   13.8291943172722       1.893000176009814E-003
          39   12.2257305010218       5.337554163778268E-004
          40   10.7811396093628      -3.536667129030663E-004
          41   9.48444617104762      -1.433370056998997E-004
          42   8.32423555156817       4.725995372900268E-006
          43   7.28899188610806       6.433088822272249E-004
          44   6.36744072072844       1.571865321616799E-003
          45   5.54891765133637       2.197032332128877E-003
          46   4.82345163649048       3.051252555838452E-003
          47   4.18168862358133       4.111244801692642E-003
          48   3.61492857596243       5.164136190667442E-003
          49   3.11515193106151       4.787755731514839E-003
          50   2.67502150328609       4.457316035157270E-003
          51   2.28786764029471       4.684910001277741E-003
          52   1.94765948261730       4.483944874242347E-003
          53   1.64897200541825       4.119627777141369E-003
          54   1.38694320525960       3.829587999459965E-003
          55   1.15723006331523       3.594154279789322E-003
          56  0.955967631039691       3.427997162578121E-003
          57  0.779722531596860       3.128890084076660E-003
          58  0.625452421032079       2.703044737795084E-003
          59  0.490464676355272       2.526119503937538E-003
          60  0.372378469254306       2.442396264125915E-003
          61  0.269083787099982       2.216064168954650E-003
          62  0.178689388225722       2.323641305377816E-003
          63  9.938258918294017E-002  2.052847830772116E-003
          64  4.065807297735977E-002  2.466721127507583E-003
 model level, layer pressure, jacobian wv
           1   100.930016190072      -4.988435090504363E-003
           2   100.354786085820      -1.083106320568773E-002
           3   99.7034237843065      -1.608311746920339E-002
           4   98.9670498457964      -2.255936032784818E-002
           5   98.1361037562144      -3.143244774941000E-002
           6   97.2003974831519      -4.349790741610905E-002
           7   96.1492408850884      -6.725074103434080E-002
           8   94.9715823060026      -0.103998980600741     
           9   93.6562065508496      -0.156322762890230     
          10   92.1920070494949      -0.255698301706100     
          11   90.5683277209335      -0.355556621621884     
          12   88.7753810751211      -0.501017069868795     
          13   86.8047167811488      -0.709308083387670     
          14   84.6497693161444      -0.966137890737776     
          15   82.3064483339245       -1.43651684822209     
          16   79.7737184552477       -2.37583903777008     
          17   77.0541665042337       -3.99671906014745     
          18   74.1544981412689       -7.08949951164742     
          19   71.0858876617323       -12.8921929955163     
          20   67.8641433419238       -19.7431101116759     
          21   64.5096604430966       -32.6584683845825     
          22   61.0471004582044       -45.3375660535623     
          23   57.5047969381737       -65.3357106021687     
          24   53.9139200864628       -93.5369267581268     
          25   50.3074226792622       -128.009562393017     
          26   46.7188553907442       -186.764326713883     
          27   43.1811403178477       -270.687721171054     
          28   39.7253921020927       -368.154802898068     
          29   36.3798705172704       -527.183383430091     
          30   33.1691410675722       -719.045648045801     
          31   30.1134948852151       -900.614287329931     
          32   27.2286363015048       -1068.89439303893     
          33   24.5256204001092       -1096.03114382512     
          34   22.0109371521345       -1024.76086261982     
          35   19.6868328057542       -989.060620890962     
          36   17.5518919608348       -1036.92526671202     
          37   15.6016519616747       -1058.52552877108     
          38   13.8291943172722       -727.767378046517     
          39   12.2257305010218       -127.032342166654     
          40   10.7811396093628       -25.4463794592242     
          41   9.48444617104762       -5.85967337781252     
          42   8.32423555156817       -1.58148445367144     
          43   7.28899188610806      -0.525130285062164     
          44   6.36744072072844      -0.198975646145661     
          45   5.54891765133637      -8.088207271929741E-002
          46   4.82345163649048      -3.644295022441931E-002
          47   4.18168862358133      -1.824121403511756E-002
          48   3.61492857596243      -9.622266183706011E-003
          49   3.11515193106151      -5.091553357743874E-003
          50   2.67502150328609      -2.862937159177468E-003
          51   2.28786764029471      -1.759743084021226E-003
          52   1.94765948261730      -1.104914027774190E-003
          53   1.64897200541825      -7.180582623972075E-004
          54   1.38694320525960      -4.882571220367853E-004
          55   1.15723006331523      -3.429942082916731E-004
          56  0.955967631039691      -2.513981871224846E-004
          57  0.779722531596860      -1.874916296297919E-004
          58  0.625452421032079      -1.407530086500862E-004
          59  0.490464676355272      -1.112033994260848E-004
          60  0.372378469254306      -8.987670690783559E-005
          61  0.269083787099982      -7.291294437245846E-005
          62  0.178689388225722      -4.836233173044370E-005
          63  9.938258918294017E-002 -5.380940866006613E-005
          64  4.065807297735977E-002 -4.022109153141582E-005
