 jacobian for channel i, lat, lon
          60   4.63061000000000        238.922250000000     
 model level, layer pressure, jacobian virtual temp
           1   100.930016190072       3.901534560357642E-010
           2   100.354786085820       6.119045930133501E-010
           3   99.7034237843065       1.029185447415377E-009
           4   98.9670498457964       1.840527880203641E-009
           5   98.1361037562144       3.457540632513259E-009
           6   97.2003974831519       7.083969298722368E-009
           7   96.1492408850884       1.529272397598880E-008
           8   94.9715823060026       3.426115286326550E-008
           9   93.6562065508496       8.421797257943216E-008
          10   92.1920070494949       1.842648721606834E-007
          11   90.5683277209335       5.298278724297173E-007
          12   88.7753810751211       1.804556434395145E-006
          13   86.8047167811488       4.928194646073271E-006
          14   84.6497693161444       1.304921498739456E-005
          15   82.3064483339245       3.306704003332300E-005
          16   79.7737184552477       7.881313885926277E-005
          17   77.0541665042337       1.751738272808437E-004
          18   74.1544981412689       3.690459157820347E-004
          19   71.0858876617323       7.359770433883273E-004
          20   67.8641433419238       1.465162916417684E-003
          21   64.5096604430966       2.734949176539024E-003
          22   61.0471004582044       5.067572757283933E-003
          23   57.5047969381737       8.609042582772432E-003
          24   53.9139200864628       1.375725177666542E-002
          25   50.3074226792622       2.105057964195752E-002
          26   46.7188553907442       2.956859485708607E-002
          27   43.1811403178477       3.916410283581653E-002
          28   39.7253921020927       4.889101003753520E-002
          29   36.3798705172704       5.498364852692566E-002
          30   33.1691410675722       5.615818608787890E-002
          31   30.1134948852151       5.478203986310047E-002
          32   27.2286363015048       4.801299034745408E-002
          33   24.5256204001092       3.946192604857299E-002
          34   22.0109371521345       3.023139056371321E-002
          35   19.6868328057542       2.204645418750887E-002
          36   17.5518919608348       1.568951451449093E-002
          37   15.6016519616747       1.077226425647938E-002
          38   13.8291943172722       6.416067577818958E-003
          39   12.2257305010218       2.693820649210677E-003
          40   10.7811396093628       3.297346557685695E-004
          41   9.48444617104762       8.455568564998992E-004
          42   8.32423555156817       1.027862421305601E-003
          43   7.28899188610806       2.249021399092855E-003
          44   6.36744072072844       4.501975787904972E-003
          45   5.54891765133637       6.146389528087781E-003
          46   4.82345163649048       8.616696510262560E-003
          47   4.18168862358133       1.169333514534112E-002
          48   3.61492857596243       1.489406672625806E-002
          49   3.11515193106151       1.396811293188136E-002
          50   2.67502150328609       1.315659078389403E-002
          51   2.28786764029471       1.385580252324303E-002
          52   1.94765948261730       1.332748600596065E-002
          53   1.64897200541825       1.227447130957524E-002
          54   1.38694320525960       1.143670128390351E-002
          55   1.15723006331523       1.077877379345446E-002
          56  0.955967631039691       1.030969403826782E-002
          57  0.779722531596860       9.480115139069994E-003
          58  0.625452421032079       8.284895709989708E-003
          59  0.490464676355272       7.763063617543448E-003
          60  0.372378469254306       7.487892730735253E-003
          61  0.269083787099982       6.823995869168853E-003
          62  0.178689388225722       7.162043679142764E-003
          63  9.938258918294017E-002  6.734288545560301E-003
          64  4.065807297735977E-002  7.353279070011804E-003
 model level, layer pressure, jacobian wv
           1   100.930016190072      -7.094803318775391E-008
           2   100.354786085820      -1.407852277980280E-007
           3   99.7034237843065      -2.466290417620829E-007
           4   98.9670498457964      -4.537691181562684E-007
           5   98.1361037562144      -8.238771735498876E-007
           6   97.2003974831519      -1.584532710539910E-006
           7   96.1492408850884      -3.665241958600858E-006
           8   94.9715823060026      -7.992620687433111E-006
           9   93.6562065508496      -1.937245027030347E-005
          10   92.1920070494949      -4.347341634272502E-005
          11   90.5683277209335      -1.101225346494557E-004
          12   88.7753810751211      -3.438223504618366E-004
          13   86.8047167811488      -9.217036649734767E-004
          14   84.6497693161444      -2.396159213467381E-003
          15   82.3064483339245      -6.199851579944039E-003
          16   79.7737184552477      -1.526151563979989E-002
          17   77.0541665042337      -3.451084991230603E-002
          18   74.1544981412689      -7.530217120900430E-002
          19   71.0858876617323      -0.162755528501040     
          20   67.8641433419238      -0.333448975687083     
          21   64.5096604430966      -0.713436410567556     
          22   61.0471004582044       -1.34708006888969     
          23   57.5047969381737       -2.29335835884507     
          24   53.9139200864628       -3.65378819845263     
          25   50.3074226792622       -5.87418016721989     
          26   46.7188553907442       -8.83700191645335     
          27   43.1811403178477       -11.6453020519907     
          28   39.7253921020927       -15.1168910861367     
          29   36.3798705172704       -18.1647367153528     
          30   33.1691410675722       -19.5485124170257     
          31   30.1134948852151       -19.1800046253108     
          32   27.2286363015048       -19.2501350816766     
          33   24.5256204001092       -19.0752162704931     
          34   22.0109371521345       -18.2417341472614     
          35   19.6868328057542       -16.0557896393892     
          36   17.5518919608348       -13.1727816068526     
          37   15.6016519616747       -10.2230949221748     
          38   13.8291943172722       -5.15339434791602     
          39   12.2257305010218      -0.557829379684445     
          40   10.7811396093628      -4.856579619067890E-002
          41   9.48444617104762      -3.021501144687791E-003
          42   8.32423555156817       7.750582127804598E-004
          43   7.28899188610806       1.508114350813745E-004
          44   6.36744072072844      -1.116135396549248E-004
          45   5.54891765133637      -6.273277653683014E-005
          46   4.82345163649048       7.966194829201984E-005
          47   4.18168862358133       1.236300953845563E-004
          48   3.61492857596243       1.620848056814950E-004
          49   3.11515193106151       8.998885425832652E-005
          50   2.67502150328609       5.871857573544229E-005
          51   2.28786764029471       5.306657206885285E-005
          52   1.94765948261730       4.181047305857418E-005
          53   1.64897200541825       2.871347046141581E-005
          54   1.38694320525960       2.168987602033135E-005
          55   1.15723006331523       2.155635406196402E-005
          56  0.955967631039691       2.096089683705958E-005
          57  0.779722531596860       1.832069166646099E-005
          58  0.625452421032079       1.669334431793841E-005
          59  0.490464676355272       1.914189031618020E-005
          60  0.372378469254306       2.570109248843477E-005
          61  0.269083787099982       2.953246744110982E-005
          62  0.178689388225722       3.374899403113068E-005
          63  9.938258918294017E-002  4.175739759667786E-005
          64  4.065807297735977E-002  2.118601361213296E-005
