 jacobian for channel i, lat, lon
         384   4.63061000000000        238.922250000000     
 model level, layer pressure, jacobian virtual temp
           1   100.930016190072       4.799478754472180E-006
           2   100.354786085820       6.444609955419501E-006
           3   99.7034237843065       9.061069409669466E-006
           4   98.9670498457964       1.316880468081879E-005
           5   98.1361037562144       1.779126051286257E-005
           6   97.2003974831519       2.716559151463738E-005
           7   96.1492408850884       4.053675609833734E-005
           8   94.9715823060026       5.370219130311956E-005
           9   93.6562065508496       8.445657303608488E-005
          10   92.1920070494949       1.268372264423025E-004
          11   90.5683277209335       2.015080353867602E-004
          12   88.7753810751211       3.266851999629206E-004
          13   86.8047167811488       5.417924214899782E-004
          14   84.6497693161444       9.025109449226151E-004
          15   82.3064483339245       1.529304018007132E-003
          16   79.7737184552477       2.525752576556846E-003
          17   77.0541665042337       4.123767012453901E-003
          18   74.1544981412689       6.578868926382678E-003
          19   71.0858876617323       1.005217470831494E-002
          20   67.8641433419238       1.532267555185934E-002
          21   64.5096604430966       2.177070570664731E-002
          22   61.0471004582044       3.113471750670126E-002
          23   57.5047969381737       4.243956266636634E-002
          24   53.9139200864628       5.539197978109339E-002
          25   50.3074226792622       6.821905049901222E-002
          26   46.7188553907442       7.468759073522077E-002
          27   43.1811403178477       7.887321470265153E-002
          28   39.7253921020927       7.846893035722111E-002
          29   36.3798705172704       6.604194245389199E-002
          30   33.1691410675722       4.729044220735317E-002
          31   30.1134948852151       3.253932165967015E-002
          32   27.2286363015048       1.753943453991924E-002
          33   24.5256204001092       7.438784496354463E-003
          34   22.0109371521345       1.669608231037665E-003
          35   19.6868328057542      -5.305390793536090E-004
          36   17.5518919608348      -6.462698287375683E-004
          37   15.6016519616747       5.665807209744876E-005
          38   13.8291943172722       6.201087532319892E-004
          39   12.2257305010218       8.364475109476551E-004
          40   10.7811396093628       1.319065939068804E-003
          41   9.48444617104762       2.134732582920675E-003
          42   8.32423555156817       2.135315679531358E-003
          43   7.28899188610806       1.413774605626910E-003
          44   6.36744072072844       6.003756833526493E-004
          45   5.54891765133637       2.317341702644332E-004
          46   4.82345163649048       6.461726653910406E-005
          47   4.18168862358133       1.394015682743507E-004
          48   3.61492857596243       5.403841008420952E-004
          49   3.11515193106151       4.933928214508004E-004
          50   2.67502150328609       5.045595627313203E-004
          51   2.28786764029471       8.595884319079003E-004
          52   1.94765948261730       9.188276145064202E-004
          53   1.64897200541825       8.579517212366141E-004
          54   1.38694320525960       8.295141184671432E-004
          55   1.15723006331523       8.487880785001884E-004
          56  0.955967631039691       9.070301365146043E-004
          57  0.779722531596860       8.128487964889863E-004
          58  0.625452421032079       6.566514608431997E-004
          59  0.490464676355272       7.148338230893960E-004
          60  0.372378469254306       1.039757068745904E-003
          61  0.269083787099982       1.301278952362996E-003
          62  0.178689388225722       3.819904896098786E-003
          63  9.938258918294017E-002  7.917423027805763E-003
          64  4.065807297735977E-002  1.277807071564204E-002
 model level, layer pressure, jacobian wv
           1   100.930016190072      -8.727683240745104E-004
           2   100.354786085820      -1.186186009787643E-003
           3   99.7034237843065      -1.670965338309957E-003
           4   98.9670498457964      -2.426707961451999E-003
           5   98.1361037562144      -3.275945106096986E-003
           6   97.2003974831519      -4.981475261535853E-003
           7   96.1492408850884      -7.443593943021731E-003
           8   94.9715823060026      -9.890566507574932E-003
           9   93.6562065508496      -1.549292111303258E-002
          10   92.1920070494949      -2.328854961514128E-002
          11   90.5683277209335      -3.662128915399604E-002
          12   88.7753810751211      -5.890026544915405E-002
          13   86.8047167811488      -9.697906875832159E-002
          14   84.6497693161444      -0.160570038008018     
          15   82.3064483339245      -0.271268492460518     
          16   79.7737184552477      -0.446891609258961     
          17   77.0541665042337      -0.726839383524494     
          18   74.1544981412689       -1.15482696701286     
          19   71.0858876617323       -1.75881836756052     
          20   67.8641433419238       -2.66659139080116     
          21   64.5096604430966       -3.79513319239406     
          22   61.0471004582044       -5.40060404129362     
          23   57.5047969381737       -7.28920829831105     
          24   53.9139200864628       -9.40329899602599     
          25   50.3074226792622       -11.5050477545434     
          26   46.7188553907442       -12.4923323385852     
          27   43.1811403178477       -12.9859092647608     
          28   39.7253921020927       -12.7888253480290     
          29   36.3798705172704       -10.6161482863012     
          30   33.1691410675722       -7.43677338017998     
          31   30.1134948852151       -4.94305915041994     
          32   27.2286363015048       -2.63439243856792     
          33   24.5256204001092       -1.18570535823803     
          34   22.0109371521345      -0.396412395315286     
          35   19.6868328057542      -7.179143680344223E-002
          36   17.5518919608348      -9.669605546611795E-003
          37   15.6016519616747      -6.594238339541768E-002
          38   13.8291943172722      -8.145022253152245E-002
          39   12.2257305010218      -1.420844858010427E-002
          40   10.7811396093628      -4.458385519753944E-003
          41   9.48444617104762      -1.815661286486799E-003
          42   8.32423555156817      -5.264845770149646E-004
          43   7.28899188610806      -1.170784315423479E-004
          44   6.36744072072844      -1.906129069546388E-005
          45   5.54891765133637      -3.125544145832256E-006
          46   4.82345163649048      -4.116003994370852E-007
          47   4.18168862358133      -4.634825401886579E-007
          48   3.61492857596243      -1.013017932797590E-006
          49   3.11515193106151      -5.420591169424027E-007
          50   2.67502150328609      -3.469790469648065E-007
          51   2.28786764029471      -3.989764958007206E-007
          52   1.94765948261730      -2.981102249435944E-007
          53   1.64897200541825      -2.025294975616299E-007
          54   1.38694320525960      -1.485366130657576E-007
          55   1.15723006331523      -1.198740784359916E-007
          56  0.955967631039691      -1.045401984564509E-007
          57  0.779722531596860      -7.799591900461088E-008
          58  0.625452421032079      -5.361901538913746E-008
          59  0.490464676355272      -5.126757690883944E-008
          60  0.372378469254306      -6.773999750576313E-008
          61  0.269083787099982      -7.716700905719839E-008
          62  0.178689388225722      -2.180331293996432E-007
          63  9.938258918294017E-002 -4.189221553415987E-007
          64  4.065807297735977E-002 -6.028694468262259E-007
