 jacobian for channel i, lat, lon
          40   4.63061000000000        238.922250000000     
 model level, layer pressure, jacobian virtual temp
           1   100.930016190072       1.504323109806553E-036
           2   100.354786085820       1.903848448909328E-036
           3   99.7034237843065       2.272363172093171E-036
           4   98.9670498457964       2.455620940183400E-036
           5   98.1361037562144      -2.970776846886778E-038
           6   97.2003974831519      -2.119179398331822E-037
           7   96.1492408850884      -2.352190578212589E-037
           8   94.9715823060026      -2.589883947396401E-037
           9   93.6562065508496       1.349905743489158E-035
          10   92.1920070494949       3.571793246700350E-034
          11   90.5683277209335       4.475256568665814E-031
          12   88.7753810751211       6.520812662733321E-025
          13   86.8047167811488       3.266774009785552E-036
          14   84.6497693161444       3.475838143368211E-036
          15   82.3064483339245       1.066553780260947E-025
          16   79.7737184552477       1.585511684924915E-025
          17   77.0541665042337       1.359024633453508E-025
          18   74.1544981412689       1.179901134729859E-025
          19   71.0858876617323       1.340701892700305E-025
          20   67.8641433419238       1.844302284700242E-025
          21   64.5096604430966       3.200633978880150E-025
          22   61.0471004582044       4.786063422352479E-025
          23   57.5047969381737      -1.188681214169746E-024
          24   53.9139200864628       1.360244957811678E-013
          25   50.3074226792622       5.230625045323234E-008
          26   46.7188553907442       2.102429605044805E-005
          27   43.1811403178477       3.535959323794132E-004
          28   39.7253921020927       1.706166157636220E-003
          29   36.3798705172704       4.573245323239153E-003
          30   33.1691410675722       9.389725483981317E-003
          31   30.1134948852151       1.609773402597605E-002
          32   27.2286363015048       2.417745432522107E-002
          33   24.5256204001092       3.272004206993596E-002
          34   22.0109371521345       3.971164304917637E-002
          35   19.6868328057542       4.402788386171617E-002
          36   17.5518919608348       4.563440957608110E-002
          37   15.6016519616747       4.470008294204022E-002
          38   13.8291943172722       4.088669199832506E-002
          39   12.2257305010218       3.500531592609581E-002
          40   10.7811396093628       2.865123225438401E-002
          41   9.48444617104762       2.641500363792974E-002
          42   8.32423555156817       2.400390006884863E-002
          43   7.28899188610806       2.470239948603120E-002
          44   6.36744072072844       2.766073541725767E-002
          45   5.54891765133637       2.902332056136480E-002
          46   4.82345163649048       3.165770540074114E-002
          47   4.18168862358133       3.602271808824041E-002
          48   3.61492857596243       3.952807249743632E-002
          49   3.11515193106151       3.568959006929549E-002
          50   2.67502150328609       3.189485767303852E-002
          51   2.28786764029471       3.176980879180302E-002
          52   1.94765948261730       2.889743977550592E-002
          53   1.64897200541825       2.570902970418183E-002
          54   1.38694320525960       2.319029319809134E-002
          55   1.15723006331523       2.091839993823832E-002
          56  0.955967631039691       1.950623550660425E-002
          57  0.779722531596860       1.757919624357986E-002
          58  0.625452421032079       1.508427714331520E-002
          59  0.490464676355272       1.405916776369026E-002
          60  0.372378469254306       1.368011763188745E-002
          61  0.269083787099982       1.267671784338580E-002
          62  0.178689388225722       1.355725982392512E-002
          63  9.938258918294017E-002  1.322853366775530E-002
          64  4.065807297735977E-002  1.415195026650598E-002
 model level, layer pressure, jacobian wv
           1   100.930016190072      -2.735558644131990E-034
           2   100.354786085820       4.555984598208056E-035
           3   99.7034237843065       1.279012693143658E-034
           4   98.9670498457964      -2.233732487116429E-034
           5   98.1361037562144      -2.131659867275886E-034
           6   97.2003974831519      -7.798189918507932E-034
           7   96.1492408850884      -8.270787927024523E-034
           8   94.9715823060026      -8.538247175210692E-034
           9   93.6562065508496      -3.433534066302840E-033
          10   92.1920070494949      -6.457958618570629E-032
          11   90.5683277209335      -7.910799700186249E-029
          12   88.7753810751211      -1.151713603559547E-022
          13   86.8047167811488      -8.077482150701327E-033
          14   84.6497693161444      -7.278794855739643E-033
          15   82.3064483339245      -3.658556471818389E-023
          16   79.7737184552477      -8.145623074617154E-023
          17   77.0541665042337      -1.307937462900968E-022
          18   74.1544981412689      -2.141942033344619E-022
          19   71.0858876617323      -3.534256351350612E-022
          20   67.8641433419238      -5.196322549357051E-022
          21   64.5096604430966      -7.189936564062950E-022
          22   61.0471004582044      -5.626027033284882E-022
          23   57.5047969381737       4.421637941685152E-022
          24   53.9139200864628      -1.162209643552093E-011
          25   50.3074226792622       4.390970702830498E-006
          26   46.7188553907442       1.470807137872483E-003
          27   43.1811403178477      -1.831677225858962E-002
          28   39.7253921020927      -0.487001060053390     
          29   36.3798705172704       -3.79859972545383     
          30   33.1691410675722       -11.5135521884205     
          31   30.1134948852151       -9.96249192422552     
          32   27.2286363015048       -17.1298452960068     
          33   24.5256204001092       -37.6809855689435     
          34   22.0109371521345       -67.6725675623849     
          35   19.6868328057542       -97.6475941810069     
          36   17.5518919608348       -133.574325196675     
          37   15.6016519616747       -197.802434323470     
          38   13.8291943172722       -185.163804138802     
          39   12.2257305010218       -36.6710566399966     
          40   10.7811396093628       -6.80435760682095     
          41   9.48444617104762       -1.03169029896490     
          42   8.32423555156817      -0.104430638089557     
          43   7.28899188610806       1.935150034396708E-002
          44   6.36744072072844       2.876914870552218E-002
          45   5.54891765133637       2.017174516669352E-002
          46   4.82345163649048       1.353402436994780E-002
          47   4.18168862358133       8.768275122569167E-003
          48   3.61492857596243       5.705839600849368E-003
          49   3.11515193106151       2.825390832281524E-003
          50   2.67502150328609       1.554271588596961E-003
          51   2.28786764029471       9.451115512740896E-004
          52   1.94765948261730       5.690778789392162E-004
          53   1.64897200541825       3.661531382468171E-004
          54   1.38694320525960       2.514404828075851E-004
          55   1.15723006331523       1.844801265133962E-004
          56  0.955967631039691       1.426141010539853E-004
          57  0.779722531596860       1.131963136224270E-004
          58  0.625452421032079       9.278143954784463E-005
          59  0.490464676355272       8.191478308765490E-005
          60  0.372378469254306       7.905892005497380E-005
          61  0.269083787099982       8.118215493031403E-005
          62  0.178689388225722       8.507096420457095E-005
          63  9.938258918294017E-002  1.044995080764222E-004
          64  4.065807297735977E-002  3.768937631013002E-005
