 jacobian for channel i, lat, lon
         377   4.63061000000000        238.922250000000     
 model level, layer pressure, jacobian virtual temp
           1   100.930016190072       7.128441945232983E-035
           2   100.354786085820       1.291370055194799E-034
           3   99.7034237843065       2.676028730675632E-034
           4   98.9670498457964       6.101494179000033E-034
           5   98.1361037562144       2.590811716080651E-033
           6   97.2003974831519       1.065581267503565E-032
           7   96.1492408850884       4.286227640919354E-032
           8   94.9715823060026       3.622917905270577E-031
           9   93.6562065508496       2.772432818102644E-030
          10   92.1920070494949       5.232493639278861E-029
          11   90.5683277209335       1.407857681725093E-027
          12   88.7753810751211       6.812614167923412E-026
          13   86.8047167811488       7.610931835816028E-024
          14   84.6497693161444       1.586545400721637E-021
          15   82.3064483339245       5.256860540569597E-019
          16   79.7737184552477       1.948478092377819E-016
          17   77.0541665042337       5.382967126063262E-014
          18   74.1544981412689       6.657761495527137E-012
          19   71.0858876617323       4.134523157403290E-010
          20   67.8641433419238       1.656279056723927E-008
          21   64.5096604430966       1.853218059937872E-007
          22   61.0471004582044       9.509619269120904E-007
          23   57.5047969381737       3.600523530046658E-006
          24   53.9139200864628       1.747491680510241E-005
          25   50.3074226792622       8.858059456924454E-005
          26   46.7188553907442       4.157784132738902E-004
          27   43.1811403178477       1.748287104560102E-003
          28   39.7253921020927       5.884554760898964E-003
          29   36.3798705172704       1.457270068424599E-002
          30   33.1691410675722       2.706387751248655E-002
          31   30.1134948852151       4.211984397837897E-002
          32   27.2286363015048       4.899177742244961E-002
          33   24.5256204001092       4.639971479539565E-002
          34   22.0109371521345       3.577356974026188E-002
          35   19.6868328057542       2.339469851154951E-002
          36   17.5518919608348       1.356255069559435E-002
          37   15.6016519616747       6.861534360196697E-003
          38   13.8291943172722       2.018308948655562E-003
          39   12.2257305010218      -1.091801853703270E-003
          40   10.7811396093628      -2.520461718485210E-003
          41   9.48444617104762      -1.396723615162616E-003
          42   8.32423555156817      -8.711388101664808E-004
          43   7.28899188610806      -1.586514232563776E-004
          44   6.36744072072844       1.242943545115947E-003
          45   5.54891765133637       2.500992364314434E-003
          46   4.82345163649048       5.180452623859409E-003
          47   4.18168862358133       1.057397884433541E-002
          48   3.61492857596243       1.821617554858962E-002
          49   3.11515193106151       1.603168661694199E-002
          50   2.67502150328609       1.439946556740356E-002
          51   2.28786764029471       1.818025899837414E-002
          52   1.94765948261730       1.748867240588761E-002
          53   1.64897200541825       1.539589981785533E-002
          54   1.38694320525960       1.419248457005800E-002
          55   1.15723006331523       1.414461703353383E-002
          56  0.955967631039691       1.517072244127692E-002
          57  0.779722531596860       1.446579377996753E-002
          58  0.625452421032079       1.294772839118651E-002
          59  0.490464676355272       1.442379234683195E-002
          60  0.372378469254306       1.965895898639458E-002
          61  0.269083787099982       2.146039634966554E-002
          62  0.178689388225722       3.818783917888349E-002
          63  9.938258918294017E-002  3.582557011582500E-002
          64  4.065807297735977E-002  8.569748499087609E-002
 model level, layer pressure, jacobian wv
           1   100.930016190072      -1.296282085634034E-032
           2   100.354786085820      -2.301820517062210E-032
           3   99.7034237843065      -4.557696385457236E-032
           4   98.9670498457964      -9.743761504686836E-032
           5   98.1361037562144      -4.412502160222526E-031
           6   97.2003974831519      -1.854157092441380E-030
           7   96.1492408850884      -5.978270068306465E-030
           8   94.9715823060026      -6.044609828546259E-029
           9   93.6562065508496      -2.741824794188616E-028
          10   92.1920070494949      -8.415036732369809E-027
          11   90.5683277209335      -2.371819778994323E-025
          12   88.7753810751211      -1.002254652396280E-023
          13   86.8047167811488      -1.320189393569084E-021
          14   84.6497693161444      -2.614402955458122E-019
          15   82.3064483339245      -7.767093198871096E-017
          16   79.7737184552477      -3.164013552703293E-014
          17   77.0541665042337      -1.013157525448533E-011
          18   74.1544981412689      -1.659274460137844E-009
          19   71.0858876617323      -1.195803102833460E-007
          20   67.8641433419238      -2.360371837352739E-006
          21   64.5096604430966       8.139400775301263E-006
          22   61.0471004582044       1.011154299438574E-004
          23   57.5047969381737       4.263250926837295E-004
          24   53.9139200864628       3.519791867250422E-004
          25   50.3074226792622      -1.011957188914440E-003
          26   46.7188553907442      -3.290262227942114E-002
          27   43.1811403178477      -0.270774085298325     
          28   39.7253921020927       -1.05323377588288     
          29   36.3798705172704       -3.06170404616103     
          30   33.1691410675722       -6.67018907741252     
          31   30.1134948852151       -11.2803574299616     
          32   27.2286363015048       -12.9005303693871     
          33   24.5256204001092       -11.4816537888546     
          34   22.0109371521345       -9.08584914652889     
          35   19.6868328057542       -6.84629510504309     
          36   17.5518919608348       -5.07366612132450     
          37   15.6016519616747       -3.75199534205708     
          38   13.8291943172722       -1.98082119962929     
          39   12.2257305010218      -0.269027602617518     
          40   10.7811396093628      -4.536194076225231E-002
          41   9.48444617104762      -1.068378839125069E-002
          42   8.32423555156817      -2.815134465662941E-003
          43   7.28899188610806      -8.724906086883616E-004
          44   6.36744072072844      -3.308429176995067E-004
          45   5.54891765133637      -1.405337421188046E-004
          46   4.82345163649048      -7.608226284522273E-005
          47   4.18168862358133      -5.407641972841618E-005
          48   3.61492857596243      -4.305183006439481E-005
          49   3.11515193106151      -2.221469088634182E-005
          50   2.67502150328609      -1.241317357977181E-005
          51   2.28786764029471      -9.888838579390790E-006
          52   1.94765948261730      -6.549054846458535E-006
          53   1.64897200541825      -4.192427491119303E-006
          54   1.38694320525960      -2.912238286708645E-006
          55   1.15723006331523      -2.246965587181909E-006
          56  0.955967631039691      -1.922773128777846E-006
          57  0.779722531596860      -1.514211284983380E-006
          58  0.625452421032079      -1.148989931905576E-006
          59  0.490464676355272      -1.102123610721240E-006
          60  0.372378469254306      -1.328681873639518E-006
          61  0.269083787099982      -1.305522446311477E-006
          62  0.178689388225722      -2.192074302107297E-006
          63  9.938258918294017E-002 -1.906015333612516E-006
          64  4.065807297735977E-002 -4.057895160519202E-006
