 jacobian for channel i, lat, lon
         383   4.63061000000000        238.922250000000     
 model level, layer pressure, jacobian virtual temp
           1   100.930016190072       7.281264928338562E-008
           2   100.354786085820       1.204320785984016E-007
           3   99.7034237843065       2.270093866776280E-007
           4   98.9670498457964       4.566741424564052E-007
           5   98.1361037562144       6.904021460589004E-007
           6   97.2003974831519       1.410613375492470E-006
           7   96.1492408850884       2.721271434788943E-006
           8   94.9715823060026       4.117220972937125E-006
           9   93.6562065508496       8.000103002520419E-006
          10   92.1920070494949       1.158441375395854E-005
          11   90.5683277209335       2.149671333782367E-005
          12   88.7753810751211       4.049860219023301E-005
          13   86.8047167811488       7.513228525870830E-005
          14   84.6497693161444       1.512666059282705E-004
          15   82.3064483339245       3.046057708037678E-004
          16   79.7737184552477       5.995370316885503E-004
          17   77.0541665042337       1.160631804650308E-003
          18   74.1544981412689       2.183295205793126E-003
          19   71.0858876617323       3.922787119587468E-003
          20   67.8641433419238       6.974801196069171E-003
          21   64.5096604430966       1.135589411792233E-002
          22   61.0471004582044       1.849957607496809E-002
          23   57.5047969381737       2.859733994112370E-002
          24   53.9139200864628       4.199265285060170E-002
          25   50.3074226792622       5.759629568829887E-002
          26   46.7188553907442       6.955548288115136E-002
          27   43.1811403178477       8.022045820116824E-002
          28   39.7253921020927       8.622869031241716E-002
          29   36.3798705172704       7.772490741191246E-002
          30   33.1691410675722       5.921880479064518E-002
          31   30.1134948852151       4.309064591025236E-002
          32   27.2286363015048       2.473027516789499E-002
          33   24.5256204001092       1.137588101430984E-002
          34   22.0109371521345       3.066542919760804E-003
          35   19.6868328057542      -6.712425152182183E-004
          36   17.5518919608348      -1.508802316633513E-003
          37   15.6016519616747      -1.010070358996844E-003
          38   13.8291943172722      -3.934470427290538E-004
          39   12.2257305010218      -5.519389657133789E-005
          40   10.7811396093628       5.083663277676045E-004
          41   9.48444617104762       1.586171408724722E-003
          42   8.32423555156817       1.752838051703651E-003
          43   7.28899188610806       1.116726846903416E-003
          44   6.36744072072844       3.891718155595534E-004
          45   5.54891765133637       1.261186818152431E-004
          46   4.82345163649048       1.395044966037125E-004
          47   4.18168862358133       4.951638277824590E-004
          48   3.61492857596243       1.260338591151033E-003
          49   3.11515193106151       1.105205390026061E-003
          50   2.67502150328609       1.023721622271083E-003
          51   2.28786764029471       1.494651999477417E-003
          52   1.94765948261730       1.483285449418692E-003
          53   1.64897200541825       1.303709552719116E-003
          54   1.38694320525960       1.208568306073091E-003
          55   1.15723006331523       1.242645615529563E-003
          56  0.955967631039691       1.371112109335079E-003
          57  0.779722531596860       1.310450636015269E-003
          58  0.625452421032079       1.184718308816228E-003
          59  0.490464676355272       1.389609558418575E-003
          60  0.372378469254306       2.068591064663597E-003
          61  0.269083787099982       2.550153264923302E-003
          62  0.178689388225722       6.166015116804396E-003
          63  9.938258918294017E-002  1.032824792402652E-002
          64  4.065807297735977E-002  2.050235463336626E-002
 model level, layer pressure, jacobian wv
           1   100.930016190072      -1.324072407389462E-005
           2   100.354786085820      -9.078456358181908E-006
           3   99.7034237843065      -1.566615697264254E-005
           4   98.9670498457964      -3.278420593175977E-005
           5   98.1361037562144      -4.310974605917532E-005
           6   97.2003974831519      -1.296700162441884E-004
           7   96.1492408850884      -2.241187229572100E-004
           8   94.9715823060026      -2.590311333185272E-004
           9   93.6562065508496      -7.000777008362264E-004
          10   92.1920070494949      -8.409754418311792E-004
          11   90.5683277209335      -2.559682663972110E-003
          12   88.7753810751211      -6.019889467002127E-003
          13   86.8047167811488      -1.236057132791590E-002
          14   84.6497693161444      -2.638289543643655E-002
          15   82.3064483339245      -5.303114891552561E-002
          16   79.7737184552477      -0.104292242376765     
          17   77.0541665042337      -0.208871450806408     
          18   74.1544981412689      -0.421946909573634     
          19   71.0858876617323      -0.773978926257098     
          20   67.8641433419238       -1.33059309341172     
          21   64.5096604430966       -2.02935835700139     
          22   61.0471004582044       -3.34139616020781     
          23   57.5047969381737       -5.24299985999404     
          24   53.9139200864628       -7.79485824634811     
          25   50.3074226792622       -10.6039310748946     
          26   46.7188553907442       -12.8390030790668     
          27   43.1811403178477       -15.0109393264779     
          28   39.7253921020927       -16.1953715745997     
          29   36.3798705172704       -15.0873388298711     
          30   33.1691410675722       -12.4418135240671     
          31   30.1134948852151       -10.1268318777809     
          32   27.2286363015048       -7.37111040583741     
          33   24.5256204001092       -5.32434077461342     
          34   22.0109371521345       -4.07570891219711     
          35   19.6868328057542       -3.49210624250036     
          36   17.5518919608348       -3.27875193946883     
          37   15.6016519616747       -3.21795163054953     
          38   13.8291943172722       -2.28388274465205     
          39   12.2257305010218      -0.404314218879422     
          40   10.7811396093628      -8.460926366955511E-002
          41   9.48444617104762      -2.098476160499029E-002
          42   8.32423555156817      -5.758334885100967E-003
          43   7.28899188610806      -1.728639422363315E-003
          44   6.36744072072844      -5.745352625776660E-004
          45   5.54891765133637      -2.158602740823268E-004
          46   4.82345163649048      -9.043695002548017E-005
          47   4.18168862358133      -4.235541991898557E-005
          48   3.61492857596243      -2.224318370309371E-005
          49   3.11515193106151      -1.166941369574423E-005
          50   2.67502150328609      -6.507797482054783E-006
          51   2.28786764029471      -4.117967235504654E-006
          52   1.94765948261730      -2.580075357397542E-006
          53   1.64897200541825      -1.658883427468841E-006
          54   1.38694320525960      -1.122911503665661E-006
          55   1.15723006331523      -7.951970731755989E-007
          56  0.955967631039691      -5.984283046848702E-007
          57  0.779722531596860      -4.482510462697282E-007
          58  0.625452421032079      -3.345708568125529E-007
          59  0.490464676355272      -2.807355206077154E-007
          60  0.372378469254306      -2.726806153687088E-007
          61  0.269083787099982      -2.572557971643328E-007
          62  0.178689388225722      -4.167137863629197E-007
          63  9.938258918294017E-002 -6.155344874181284E-007
          64  4.065807297735977E-002 -1.051617992475023E-006
