 jacobian for channel i, lat, lon
          30   4.63061000000000        238.922250000000     
 model level, layer pressure, jacobian virtual temp
           1   100.930016190072       3.102277050531590E-049
           2   100.354786085820       8.726890655878146E-049
           3   99.7034237843065       1.709240503177406E-048
           4   98.9670498457964       5.941192722705292E-048
           5   98.1361037562144       5.830803811097073E-047
           6   97.2003974831519       4.534622328217619E-046
           7   96.1492408850884       2.652878919801825E-045
           8   94.9715823060026       5.904674704153655E-045
           9   93.6562065508496       1.685981423260533E-044
          10   92.1920070494949      -1.583858643251550E-046
          11   90.5683277209335       6.304244167381759E-044
          12   88.7753810751211       1.866142483539056E-042
          13   86.8047167811488       5.021235361903953E-041
          14   84.6497693161444       1.610843572120125E-039
          15   82.3064483339245       4.963330748246562E-038
          16   79.7737184552477       1.233835093432544E-036
          17   77.0541665042337       2.419269380603481E-035
          18   74.1544981412689       3.916303284669552E-034
          19   71.0858876617323       6.098413703841017E-033
          20   67.8641433419238       9.826437979263802E-032
          21   64.5096604430966       1.075252433554178E-030
          22   61.0471004582044       7.325005445461678E-030
          23   57.5047969381737       4.560713046792964E-029
          24   53.9139200864628       2.860904020120828E-028
          25   50.3074226792622       1.394026952048412E-027
          26   46.7188553907442       5.353771899391542E-027
          27   43.1811403178477       1.287202147405142E-026
          28   39.7253921020927       1.530814424145970E-020
          29   36.3798705172704       1.088486908313808E-014
          30   33.1691410675722       4.355839918747209E-007
          31   30.1134948852151       9.120867580469841E-005
          32   27.2286363015048       6.731345675577625E-004
          33   24.5256204001092       2.063454692990198E-003
          34   22.0109371521345       4.569288976468664E-003
          35   19.6868328057542       8.487937800009955E-003
          36   17.5518919608348       1.367670574694295E-002
          37   15.6016519616747       1.946944209803209E-002
          38   13.8291943172722       2.468634985701712E-002
          39   12.2257305010218       2.841570397595805E-002
          40   10.7811396093628       3.034092366059882E-002
          41   9.48444617104762       3.299302621279214E-002
          42   8.32423555156817       3.401557425136477E-002
          43   7.28899188610806       3.636676763970614E-002
          44   6.36744072072844       4.039583241258702E-002
          45   5.54891765133637       4.266086754834544E-002
          46   4.82345163649048       4.556290587819886E-002
          47   4.18168862358133       5.101858648888897E-002
          48   3.61492857596243       5.504175813431838E-002
          49   3.11515193106151       5.130879416547698E-002
          50   2.67502150328609       4.701281790770926E-002
          51   2.28786764029471       4.748458755091939E-002
          52   1.94765948261730       4.412886885365588E-002
          53   1.64897200541825       4.049427967190688E-002
          54   1.38694320525960       3.759477763793746E-002
          55   1.15723006331523       3.468920600604215E-002
          56  0.955967631039691       3.309317741707713E-002
          57  0.779722531596860       3.057313169301911E-002
          58  0.625452421032079       2.691712234157362E-002
          59  0.490464676355272       2.553559444135903E-002
          60  0.372378469254306       2.528474454628270E-002
          61  0.269083787099982       2.416512058263634E-002
          62  0.178689388225722       2.722227183103239E-002
          63  9.938258918294017E-002  2.919771579712738E-002
          64  4.065807297735977E-002  2.734779057221107E-002
 model level, layer pressure, jacobian wv
           1   100.930016190072      -5.641381659798668E-047
           2   100.354786085820       8.730425487585710E-046
           3   99.7034237843065       9.115604190608832E-045
           4   98.9670498457964       4.301901287297547E-044
           5   98.1361037562144       7.941574450746870E-044
           6   97.2003974831519       8.561507979396069E-044
           7   96.1492408850884       1.139117464491248E-042
           8   94.9715823060026       2.832285607050524E-042
           9   93.6562065508496       3.510082554207906E-043
          10   92.1920070494949      -7.394882854779285E-043
          11   90.5683277209335       3.012537357360608E-042
          12   88.7753810751211      -2.510229172735908E-040
          13   86.8047167811488      -8.327251822793752E-039
          14   84.6497693161444      -2.613735595252396E-037
          15   82.3064483339245      -8.044250303540573E-036
          16   79.7737184552477      -2.273944411599613E-034
          17   77.0541665042337      -4.825074352277040E-033
          18   74.1544981412689      -9.710464206029773E-032
          19   71.0858876617323      -1.676445061709779E-030
          20   67.8641433419238      -1.406394389404308E-029
          21   64.5096604430966       7.534798727409448E-029
          22   61.0471004582044       1.078939138708472E-027
          23   57.5047969381737       7.058395773613492E-027
          24   53.9139200864628       1.255432293579182E-026
          25   50.3074226792622      -2.276873070386107E-025
          26   46.7188553907442      -4.933321547896188E-024
          27   43.1811403178477      -2.911964181294869E-023
          28   39.7253921020927      -2.261365208562774E-018
          29   36.3798705172704       1.628293026788953E-012
          30   33.1691410675722      -8.026217706176495E-005
          31   30.1134948852151      -4.947974184519965E-002
          32   27.2286363015048      -0.573696999228659     
          33   24.5256204001092       -1.91893077479389     
          34   22.0109371521345       -4.20616801938620     
          35   19.6868328057542       -6.50165477786973     
          36   17.5518919608348       -7.83869960050386     
          37   15.6016519616747       -8.85751490403146     
          38   13.8291943172722       -7.02598588855398     
          39   12.2257305010218       -1.36581330457797     
          40   10.7811396093628      -0.301075841820817     
          41   9.48444617104762      -7.625622614782981E-002
          42   8.32423555156817      -2.160056758587671E-002
          43   7.28899188610806      -7.145206372246651E-003
          44   6.36744072072844      -2.655120370551714E-003
          45   5.54891765133637      -1.068940244125718E-003
          46   4.82345163649048      -4.494223074720608E-004
          47   4.18168862358133      -2.078195812429705E-004
          48   3.61492857596243      -1.090121542423986E-004
          49   3.11515193106151      -1.007330885851204E-004
          50   2.67502150328609      -7.443314742699159E-005
          51   2.28786764029471      -6.266947728109796E-005
          52   1.94765948261730      -5.606289521899531E-005
          53   1.64897200541825      -5.021482227217094E-005
          54   1.38694320525960      -4.814891548301464E-005
          55   1.15723006331523      -5.232861154458674E-005
          56  0.955967631039691      -5.789938125116429E-005
          57  0.779722531596860      -6.122249834642537E-005
          58  0.625452421032079      -6.386764465966020E-005
          59  0.490464676355272      -6.841312828702184E-005
          60  0.372378469254306      -7.321331135743715E-005
          61  0.269083787099982      -6.304938599300154E-005
          62  0.178689388225722      -4.172396783030234E-005
          63  9.938258918294017E-002 -2.744662497142073E-005
          64  4.065807297735977E-002 -3.169764247670730E-005
