 jacobian for channel i, lat, lon
         118   4.63061000000000        238.922250000000     
 model level, layer pressure, jacobian virtual temp
           1   100.930016190072       2.412306347798168E-004
           2   100.354786085820       3.043122849892402E-004
           3   99.7034237843065       3.842229259092502E-004
           4   98.9670498457964       4.908727995928006E-004
           5   98.1361037562144       6.530091721437170E-004
           6   97.2003974831519       8.636402393899500E-004
           7   96.1492408850884       1.185063087416385E-003
           8   94.9715823060026       1.707709818776213E-003
           9   93.6562065508496       2.447213058351251E-003
          10   92.1920070494949       3.662717860331368E-003
          11   90.5683277209335       5.275916325409553E-003
          12   88.7753810751211       7.667870411575232E-003
          13   86.8047167811488       1.043033403134182E-002
          14   84.6497693161444       1.363880507654097E-002
          15   82.3064483339245       1.691009599239629E-002
          16   79.7737184552477       1.996802482532487E-002
          17   77.0541665042337       2.263153475469253E-002
          18   74.1544981412689       2.373847203299461E-002
          19   71.0858876617323       2.670299990173534E-002
          20   67.8641433419238       3.259792976413237E-002
          21   64.5096604430966       4.375656183208092E-002
          22   61.0471004582044       5.620551185006491E-002
          23   57.5047969381737       5.873823528645525E-002
          24   53.9139200864628       5.604564323386289E-002
          25   50.3074226792622       5.943124903874911E-002
          26   46.7188553907442       5.772521137930178E-002
          27   43.1811403178477       4.972684840861225E-002
          28   39.7253921020927       4.488332961287957E-002
          29   36.3798705172704       3.448736519552689E-002
          30   33.1691410675722       2.213349330141766E-002
          31   30.1134948852151       1.454867026215924E-002
          32   27.2286363015048       9.582759309202670E-003
          33   24.5256204001092       5.289863684989265E-003
          34   22.0109371521345       1.947200232164503E-003
          35   19.6868328057542       1.125190895766499E-005
          36   17.5518919608348      -8.728048128813220E-004
          37   15.6016519616747      -1.212983223439483E-003
          38   13.8291943172722      -1.418912385772029E-003
          39   12.2257305010218      -1.705272188479146E-003
          40   10.7811396093628      -1.846239333416883E-003
          41   9.48444617104762      -1.320353280433209E-003
          42   8.32423555156817      -9.418883534664657E-004
          43   7.28899188610806      -5.038815166218074E-004
          44   6.36744072072844       7.754805608279375E-005
          45   5.54891765133637       5.374062553637890E-004
          46   4.82345163649048       1.153364775750510E-003
          47   4.18168862358133       1.872156142523469E-003
          48   3.61492857596243       2.660311247628961E-003
          49   3.11515193106151       2.528904527424213E-003
          50   2.67502150328609       2.426455355473281E-003
          51   2.28786764029471       2.644378328274719E-003
          52   1.94765948261730       2.604156645771061E-003
          53   1.64897200541825       2.422198765322233E-003
          54   1.38694320525960       2.270086331590719E-003
          55   1.15723006331523       2.149600747082858E-003
          56  0.955967631039691       2.048541013441015E-003
          57  0.779722531596860       1.857323744603352E-003
          58  0.625452421032079       1.582631379646756E-003
          59  0.490464676355272       1.452323483134526E-003
          60  0.372378469254306       1.367884775027045E-003
          61  0.269083787099982       1.201788975837169E-003
          62  0.178689388225722       1.221669535513089E-003
          63  9.938258918294017E-002  1.118932976478045E-003
          64  4.065807297735977E-002  1.631379585426414E-003
 model level, layer pressure, jacobian wv
           1   100.930016190072      -4.386694214158781E-002
           2   100.354786085820      -0.103460639544041     
           3   99.7034237843065      -0.153921914060646     
           4   98.9670498457964      -0.212652089588222     
           5   98.1361037562144      -0.292005996280059     
           6   97.2003974831519      -0.395017129745367     
           7   96.1492408850884      -0.591895503979073     
           8   94.9715823060026      -0.890213697580895     
           9   93.6562065508496       -1.27259584772588     
          10   92.1920070494949       -1.97872641626015     
          11   90.5683277209335       -2.53417074432306     
          12   88.7753810751211       -3.21575687830429     
          13   86.8047167811488       -3.95082315582176     
          14   84.6497693161444       -4.57482705148935     
          15   82.3064483339245       -5.75819224032481     
          16   79.7737184552477       -8.25632739104877     
          17   77.0541665042337       -12.4546957551000     
          18   74.1544981412689       -19.8947683263200     
          19   71.0858876617323       -32.9751366642149     
          20   67.8641433419238       -47.5214798746512     
          21   64.5096604430966       -74.3622404505127     
          22   61.0471004582044       -97.9703357088845     
          23   57.5047969381737       -126.043184827163     
          24   53.9139200864628       -157.788988638692     
          25   50.3074226792622       -194.266380642949     
          26   46.7188553907442       -242.948843951917     
          27   43.1811403178477       -294.212401731379     
          28   39.7253921020927       -335.733755254777     
          29   36.3798705172704       -409.344540203124     
          30   33.1691410675722       -508.944855404925     
          31   30.1134948852151       -586.985327549464     
          32   27.2286363015048       -531.994030850991     
          33   24.5256204001092       -392.758606548250     
          34   22.0109371521345       -255.008984656590     
          35   19.6868328057542       -137.585784451331     
          36   17.5518919608348       -53.3548557647655     
          37   15.6016519616747       -2.60030922732883     
          38   13.8291943172722        20.5665637884789     
          39   12.2257305010218        4.58754117735314     
          40   10.7811396093628       0.873439336321886     
          41   9.48444617104762       0.156530494814725     
          42   8.32423555156817       2.128077526753569E-002
          43   7.28899188610806      -1.100454772035685E-002
          44   6.36744072072844      -1.125850349779926E-002
          45   5.54891765133637      -6.373244445386524E-003
          46   4.82345163649048      -3.773393558388843E-003
          47   4.18168862358133      -2.458625909620208E-003
          48   3.61492857596243      -1.548375197059067E-003
          49   3.11515193106151      -7.683753196002426E-004
          50   2.67502150328609      -4.212737163877912E-004
          51   2.28786764029471      -2.734466085056310E-004
          52   1.94765948261730      -1.713130195315513E-004
          53   1.64897200541825      -1.086331167308990E-004
          54   1.38694320525960      -7.325246683008638E-005
          55   1.15723006331523      -5.341645153440554E-005
          56  0.955967631039691      -4.125548156605575E-005
          57  0.779722531596860      -3.132660296811479E-005
          58  0.625452421032079      -2.405076157835235E-005
          59  0.490464676355272      -2.057142287840267E-005
          60  0.372378469254306      -1.858924165557998E-005
          61  0.269083787099982      -1.527209933488349E-005
          62  0.178689388225722      -3.715267247951053E-006
          63  9.938258918294017E-002 -9.780767498742911E-007
          64  4.065807297735977E-002 -7.866470638157910E-006
