 jacobian for channel i, lat, lon
          74   4.63061000000000        238.922250000000     
 model level, layer pressure, jacobian virtual temp
           1   100.930016190072       6.049772873619650E-005
           2   100.354786085820       7.832402029770852E-005
           3   99.7034237843065       1.028986628548306E-004
           4   98.9670498457964       1.377754045007498E-004
           5   98.1361037562144       1.810389385949904E-004
           6   97.2003974831519       2.530696938720733E-004
           7   96.1492408850884       3.611279310648425E-004
           8   94.9715823060026       5.174637328840435E-004
           9   93.6562065508496       7.777179387721064E-004
          10   92.1920070494949       1.139803602334847E-003
          11   90.5683277209335       1.670302020625410E-003
          12   88.7753810751211       2.422075920607692E-003
          13   86.8047167811488       3.204304259543218E-003
          14   84.6497693161444       4.227338997576435E-003
          15   82.3064483339245       5.439685607266057E-003
          16   79.7737184552477       6.949087983964644E-003
          17   77.0541665042337       8.901753242873333E-003
          18   74.1544981412689       1.125500134804860E-002
          19   71.0858876617323       1.432925881368538E-002
          20   67.8641433419238       1.867387867104325E-002
          21   64.5096604430966       2.384834167273067E-002
          22   61.0471004582044       3.046049362058095E-002
          23   57.5047969381737       3.576201309071507E-002
          24   53.9139200864628       4.082639038535052E-002
          25   50.3074226792622       4.638233525899098E-002
          26   46.7188553907442       4.920962866291025E-002
          27   43.1811403178477       5.042355790217384E-002
          28   39.7253921020927       5.026400701976973E-002
          29   36.3798705172704       4.536340806479239E-002
          30   33.1691410675722       3.708734312179785E-002
          31   30.1134948852151       2.928926916704533E-002
          32   27.2286363015048       2.007417879931925E-002
          33   24.5256204001092       1.258132104218058E-002
          34   22.0109371521345       6.975819952845142E-003
          35   19.6868328057542       3.299554573391257E-003
          36   17.5518919608348       1.006497551827885E-003
          37   15.6016519616747      -5.973466237453065E-004
          38   13.8291943172722      -2.061326753468178E-003
          39   12.2257305010218      -2.842877005491734E-003
          40   10.7811396093628      -2.568394942896061E-003
          41   9.48444617104762      -1.387663362283420E-003
          42   8.32423555156817      -9.525661101565940E-004
          43   7.28899188610806      -4.697030962506775E-004
          44   6.36744072072844       4.352132810983143E-004
          45   5.54891765133637       1.194446932670188E-003
          46   4.82345163649048       2.507256688402991E-003
          47   4.18168862358133       4.258225637756517E-003
          48   3.61492857596243       6.415847219484653E-003
          49   3.11515193106151       6.370289486105267E-003
          50   2.67502150328609       6.369126692217185E-003
          51   2.28786764029471       7.083954280352329E-003
          52   1.94765948261730       7.171065972977677E-003
          53   1.64897200541825       6.864419274442565E-003
          54   1.38694320525960       6.635451669869775E-003
          55   1.15723006331523       6.500450989232256E-003
          56  0.955967631039691       6.353189471763503E-003
          57  0.779722531596860       5.920488071127979E-003
          58  0.625452421032079       5.218225280061950E-003
          59  0.490464676355272       4.930262499053474E-003
          60  0.372378469254306       4.783072588757705E-003
          61  0.269083787099982       4.458687402484817E-003
          62  0.178689388225722       5.156686574075234E-003
          63  9.938258918294017E-002  5.271728317372094E-003
          64  4.065807297735977E-002  4.092760941407704E-003
 model level, layer pressure, jacobian wv
           1   100.930016190072      -1.100129910361720E-002
           2   100.354786085820      -2.314831014248313E-002
           3   99.7034237843065      -3.442008250961254E-002
           4   98.9670498457964      -4.874122355655376E-002
           5   98.1361037562144      -6.676002049686763E-002
           6   97.2003974831519      -9.307399886190268E-002
           7   96.1492408850884      -0.143924382452640     
           8   94.9715823060026      -0.218579163349896     
           9   93.6562065508496      -0.324754980424319     
          10   92.1920070494949      -0.509939718280643     
          11   90.5683277209335      -0.668936338043154     
          12   88.7753810751211      -0.863348447184396     
          13   86.8047167811488       -1.05359409322723     
          14   84.6497693161444       -1.22006052443498     
          15   82.3064483339245       -1.48770818670835     
          16   79.7737184552477       -1.94586794048638     
          17   77.0541665042337       -2.59448511140497     
          18   74.1544981412689       -3.48928987693465     
          19   71.0858876617323       -5.11276488546531     
          20   67.8641433419238       -7.41320247330038     
          21   64.5096604430966       -12.2288238613767     
          22   61.0471004582044       -16.9648200254006     
          23   57.5047969381737       -19.9194301175276     
          24   53.9139200864628       -21.8070689303316     
          25   50.3074226792622       -26.3570004856193     
          26   46.7188553907442       -30.3699771287535     
          27   43.1811403178477       -29.7953976462046     
          28   39.7253921020927       -31.3570073158482     
          29   36.3798705172704       -30.6891663989089     
          30   33.1691410675722       -26.8606071102172     
          31   30.1134948852151       -21.4827873664973     
          32   27.2286363015048       -20.7197376812397     
          33   24.5256204001092       -22.1548235847630     
          34   22.0109371521345       -23.8942524923252     
          35   19.6868328057542       -23.9556872802477     
          36   17.5518919608348       -23.1647515467943     
          37   15.6016519616747       -23.4614635597851     
          38   13.8291943172722       -18.7170844100958     
          39   12.2257305010218       -4.00861053415851     
          40   10.7811396093628       -1.03941307121333     
          41   9.48444617104762      -0.297246406316157     
          42   8.32423555156817      -9.416995913132992E-002
          43   7.28899188610806      -3.065515886966613E-002
          44   6.36744072072844      -1.053947623569250E-002
          45   5.54891765133637      -4.114202492706475E-003
          46   4.82345163649048      -1.610583459861768E-003
          47   4.18168862358133      -6.361044678013096E-004
          48   3.61492857596243      -2.451575780090683E-004
          49   3.11515193106151      -1.541554575009482E-004
          50   2.67502150328609      -9.576697289199260E-005
          51   2.28786764029471      -5.168446978611963E-005
          52   1.94765948261730      -3.192257183177890E-005
          53   1.64897200541825      -2.356119583936234E-005
          54   1.38694320525960      -1.706937795012889E-005
          55   1.15723006331523      -9.531844499513130E-006
          56  0.955967631039691      -4.702077381498564E-006
          57  0.779722531596860      -2.678709184021433E-006
          58  0.625452421032079      -8.575093895359180E-007
          59  0.490464676355272       2.716783679787593E-006
          60  0.372378469254306       8.452674846101242E-006
          61  0.269083787099982       1.235103852453239E-005
          62  0.178689388225722       1.735476522353035E-005
          63  9.938258918294017E-002  2.253442641655172E-005
          64  4.065807297735977E-002  9.828211329492086E-006
