 jacobian for channel i, lat, lon
         389   4.63061000000000        238.922250000000     
 model level, layer pressure, jacobian virtual temp
           1   100.930016190072       2.592994857472580E-003
           2   100.354786085820       2.989192378298169E-003
           3   99.7034237843065       3.488894661231439E-003
           4   98.9670498457964       4.092953533476091E-003
           5   98.1361037562144       4.532592831412165E-003
           6   97.2003974831519       5.357567735130826E-003
           7   96.1492408850884       6.249483190609294E-003
           8   94.9715823060026       7.029902160693988E-003
           9   93.6562065508496       8.325512436945719E-003
          10   92.1920070494949       9.359344782827720E-003
          11   90.5683277209335       1.115711244683722E-002
          12   88.7753810751211       1.360769536707968E-002
          13   86.8047167811488       1.622779456225254E-002
          14   84.6497693161444       1.995522586968896E-002
          15   82.3064483339245       2.433184533266800E-002
          16   79.7737184552477       2.894055338906255E-002
          17   77.0541665042337       3.375477273524671E-002
          18   74.1544981412689       3.844871336740884E-002
          19   71.0858876617323       4.243365806508897E-002
          20   67.8641433419238       4.635516050525630E-002
          21   64.5096604430966       4.832077517016454E-002
          22   61.0471004582044       5.077225290775874E-002
          23   57.5047969381737       5.184672125913102E-002
          24   53.9139200864628       5.183929293591674E-002
          25   50.3074226792622       4.982340118123157E-002
          26   46.7188553907442       4.391574175346220E-002
          27   43.1811403178477       3.795629490748138E-002
          28   39.7253921020927       3.166204895244592E-002
          29   36.3798705172704       2.351724303746488E-002
          30   33.1691410675722       1.597809107158586E-002
          31   30.1134948852151       1.116986512624973E-002
          32   27.2286363015048       7.497785816619760E-003
          33   24.5256204001092       5.640201571186558E-003
          34   22.0109371521345       4.900944069221371E-003
          35   19.6868328057542       4.644761652065463E-003
          36   17.5518919608348       4.389191750111625E-003
          37   15.6016519616747       3.951861285656015E-003
          38   13.8291943172722       3.526157443004273E-003
          39   12.2257305010218       3.176269188343898E-003
          40   10.7811396093628       2.849206030145006E-003
          41   9.48444617104762       2.224513316969848E-003
          42   8.32423555156817       1.704491326489353E-003
          43   7.28899188610806       1.235420140598985E-003
          44   6.36744072072844       7.345502527966975E-004
          45   5.54891765133637       3.871494402629166E-004
          46   4.82345163649048       7.983081406952768E-005
          47   4.18168862358133      -1.680231357753649E-004
          48   3.61492857596243      -3.323465696434942E-004
          49   3.11515193106151      -3.316148096980277E-004
          50   2.67502150328609      -3.311049784562409E-004
          51   2.28786764029471      -3.624597460515401E-004
          52   1.94765948261730      -3.267477115759382E-004
          53   1.64897200541825      -2.438811961830628E-004
          54   1.38694320525960      -1.645532415254788E-004
          55   1.15723006331523      -1.016959242632982E-004
          56  0.955967631039691      -5.501017218095961E-005
          57  0.779722531596860      -2.761693314444636E-005
          58  0.625452421032079       1.331237527385455E-005
          59  0.490464676355272       9.021143954729462E-005
          60  0.372378469254306       1.919882056140429E-004
          61  0.269083787099982       3.198305278550582E-004
          62  0.178689388225722       1.376265920171444E-003
          63  9.938258918294017E-002  1.795943836238348E-003
          64  4.065807297735977E-002  6.488581303559786E-004
 model level, layer pressure, jacobian wv
           1   100.930016190072      -0.471526991130321     
           2   100.354786085820      -0.567001095056382     
           3   99.7034237843065      -0.674414810438653     
           4   98.9670498457964      -0.800769659683400     
           5   98.1361037562144      -0.901704812365045     
           6   97.2003974831519       -1.07812517120951     
           7   96.1492408850884       -1.29169069839491     
           8   94.9715823060026       -1.50951309587352     
           9   93.6562065508496       -1.81971483055976     
          10   92.1920070494949       -2.14190065209110     
          11   90.5683277209335       -2.52319661144995     
          12   88.7753810751211       -3.00773717702431     
          13   86.8047167811488       -3.47994840600265     
          14   84.6497693161444       -4.09049795972117     
          15   82.3064483339245       -4.82975648082341     
          16   79.7737184552477       -5.63925012102270     
          17   77.0541665042337       -6.50610932560968     
          18   74.1544981412689       -7.37900512984241     
          19   71.0858876617323       -8.21587136093902     
          20   67.8641433419238       -9.07336595576065     
          21   64.5096604430966       -9.85360201867561     
          22   61.0471004582044       -10.5842331022006     
          23   57.5047969381737       -10.7456852464344     
          24   53.9139200864628       -10.5812763682074     
          25   50.3074226792622       -10.2807083439553     
          26   46.7188553907442       -9.24552792513869     
          27   43.1811403178477       -7.96709759377522     
          28   39.7253921020927       -6.77467607442397     
          29   36.3798705172704       -5.24667183675021     
          30   33.1691410675722       -3.79660296790618     
          31   30.1134948852151       -2.80139602844226     
          32   27.2286363015048       -2.03903719078215     
          33   24.5256204001092       -1.53368902339615     
          34   22.0109371521345       -1.21441632803254     
          35   19.6868328057542      -0.977873784523861     
          36   17.5518919608348      -0.766903202279865     
          37   15.6016519616747      -0.570738632036506     
          38   13.8291943172722      -0.299207466272580     
          39   12.2257305010218      -3.964127319176885E-002
          40   10.7811396093628      -6.105463005046167E-003
          41   9.48444617104762      -8.485907345469306E-004
          42   8.32423555156817      -9.704160966110629E-005
          43   7.28899188610806       4.423910177560665E-006
          44   6.36744072072844       1.469982987492349E-005
          45   5.54891765133637       9.576533925641944E-006
          46   4.82345163649048       5.709544239271941E-006
          47   4.18168862358133       3.357817751805607E-006
          48   3.61492857596243       1.978746508390889E-006
          49   3.11515193106151       1.083486714418204E-006
          50   2.67502150328609       6.283522337857358E-007
          51   2.28786764029471       4.033573663886599E-007
          52   1.94765948261730       2.495529646337131E-007
          53   1.64897200541825       1.494296942823799E-007
          54   1.38694320525960       9.058402601316104E-008
          55   1.15723006331523       5.576308899028325E-008
          56  0.955967631039691       3.547187512643639E-008
          57  0.779722531596860       2.377808105096571E-008
          58  0.625452421032079       1.435514473913416E-008
          59  0.490464676355272       5.283518248539407E-009
          60  0.372378469254306      -3.323417844272689E-009
          61  0.269083787099982      -1.146580816894208E-008
          62  0.178689388225722      -7.267197110067606E-008
          63  9.938258918294017E-002 -8.820668783993578E-008
          64  4.065807297735977E-002 -2.142857431555151E-009
