 jacobian for channel i, lat, lon
          38   4.63061000000000        238.922250000000     
 model level, layer pressure, jacobian virtual temp
           1   100.930016190072       1.478685554605428E-153
           2   100.354786085820       1.478851938071135E-153
           3   99.7034237843065       1.478905438850136E-153
           4   98.9670498457964       1.478932700659047E-153
           5   98.1361037562144       1.478948859642260E-153
           6   97.2003974831519       1.478960496638286E-153
           7   96.1492408850884       1.478972150383861E-153
           8   94.9715823060026       1.478988465543019E-153
           9   93.6562065508496       6.684498199456928E-038
          10   92.1920070494949       4.905155866051643E-037
          11   90.5683277209335       8.536762874147908E-037
          12   88.7753810751211       2.256576892806678E-036
          13   86.8047167811488       1.126271934303181E-034
          14   84.6497693161444       2.271808264457776E-028
          15   82.3064483339245       1.434671957790772E-025
          16   79.7737184552477       4.427866405139229E-026
          17   77.0541665042337       6.891236023715038E-026
          18   74.1544981412689       1.278668698682501E-025
          19   71.0858876617323       2.691100766731764E-025
          20   67.8641433419238       6.052388107557810E-025
          21   64.5096604430966       1.317148948575858E-024
          22   61.0471004582044       2.657990251669393E-024
          23   57.5047969381737       7.019074917592064E-024
          24   53.9139200864628       2.274235171981534E-023
          25   50.3074226792622       1.423990568106264E-017
          26   46.7188553907442       1.834471507242903E-008
          27   43.1811403178477       1.705716465818271E-005
          28   39.7253921020927       3.250840215348285E-004
          29   36.3798705172704       1.430949625411340E-003
          30   33.1691410675722       3.475860821916172E-003
          31   30.1134948852151       6.723088741901469E-003
          32   27.2286363015048       1.124307248483016E-002
          33   24.5256204001092       1.681457944164551E-002
          34   22.0109371521345       2.251444673298353E-002
          35   19.6868328057542       2.754610867258616E-002
          36   17.5518919608348       3.148380584124419E-002
          37   15.6016519616747       3.398878206751543E-002
          38   13.8291943172722       3.434996079619360E-002
          39   12.2257305010218       3.260062552216810E-002
          40   10.7811396093628       2.956803210168261E-002
          41   9.48444617104762       2.931957927055281E-002
          42   8.32423555156817       2.835767141485623E-002
          43   7.28899188610806       3.012572004033736E-002
          44   6.36744072072844       3.407941801078652E-002
          45   5.54891765133637       3.623199134489095E-002
          46   4.82345163649048       3.951645436722116E-002
          47   4.18168862358133       4.485403576369132E-002
          48   3.61492857596243       4.900950988174394E-002
          49   3.11515193106151       4.501196579763765E-002
          50   2.67502150328609       4.077724626955205E-002
          51   2.28786764029471       4.085910823427187E-002
          52   1.94765948261730       3.743472258070645E-002
          53   1.64897200541825       3.369868017691032E-002
          54   1.38694320525960       3.070813262067949E-002
          55   1.15723006331523       2.781993741140503E-002
          56  0.955967631039691       2.610734345415852E-002
          57  0.779722531596860       2.374215987544904E-002
          58  0.625452421032079       2.059116671700355E-002
          59  0.490464676355272       1.932350577661128E-002
          60  0.372378469254306       1.881631376266387E-002
          61  0.269083787099982       1.747125246258993E-002
          62  0.178689388225722       1.840735738443241E-002
          63  9.938258918294017E-002  1.757578642562177E-002
          64  4.065807297735977E-002  1.760873826852366E-002
 model level, layer pressure, jacobian wv
           1   100.930016190072      -2.688937652080711E-151
           2   100.354786085820      -2.684588594624979E-151
           3   99.7034237843065      -2.679638898438762E-151
           4   98.9670498457964      -2.673981996896647E-151
           5   98.1361037562144      -2.667599493668798E-151
           6   97.2003974831519      -2.660362549351869E-151
           7   96.1492408850884      -2.652217594933127E-151
           8   94.9715823060026      -2.643107477192969E-151
           9   93.6562065508496      -1.018486574747381E-034
          10   92.1920070494949      -4.462216033796161E-034
          11   90.5683277209335      -6.048621253484954E-034
          12   88.7753810751211      -9.277993118133849E-034
          13   86.8047167811488      -2.050716001364763E-032
          14   84.6497693161444      -4.006247229296407E-026
          15   82.3064483339245      -2.544524826846735E-023
          16   79.7737184552477      -7.924345110714444E-024
          17   77.0541665042337      -1.150404356438072E-023
          18   74.1544981412689      -2.449816600022325E-023
          19   71.0858876617323      -2.807995006780400E-023
          20   67.8641433419238       7.691005692948519E-023
          21   64.5096604430966       8.450728135804596E-022
          22   61.0471004582044       2.630367404598938E-021
          23   57.5047969381737       8.301668251656560E-021
          24   53.9139200864628       2.692557244031715E-020
          25   50.3074226792622      -1.929294511376073E-015
          26   46.7188553907442       1.920726366483725E-006
          27   43.1811403178477       2.102744230935024E-004
          28   39.7253921020927      -8.396372658894605E-004
          29   36.3798705172704      -0.208552341857792     
          30   33.1691410675722       -2.42712664375925     
          31   30.1134948852151       -9.78841616721520     
          32   27.2286363015048       -17.4371585389401     
          33   24.5256204001092       -20.1232839926054     
          34   22.0109371521345       -22.7690651064568     
          35   19.6868328057542       -27.7902484600603     
          36   17.5518919608348       -33.7971570549476     
          37   15.6016519616747       -38.9127245912026     
          38   13.8291943172722       -31.2447615593577     
          39   12.2257305010218       -6.35757910759166     
          40   10.7811396093628       -1.49166876213950     
          41   9.48444617104762      -0.384654164764956     
          42   8.32423555156817      -0.112256982346685     
          43   7.28899188610806      -3.504200762918723E-002
          44   6.36744072072844      -1.150283304041710E-002
          45   5.54891765133637      -4.141572467206371E-003
          46   4.82345163649048      -1.404590847376782E-003
          47   4.18168862358133      -4.422362402130086E-004
          48   3.61492857596243      -8.529226772286019E-005
          49   3.11515193106151      -5.599752392197637E-005
          50   2.67502150328609      -2.942760496248708E-005
          51   2.28786764029471      -5.160424706136406E-006
          52   1.94765948261730       2.101204513308087E-006
          53   1.64897200541825       2.224216847337937E-006
          54   1.38694320525960       2.833021405270888E-006
          55   1.15723006331523       5.287233816578450E-006
          56  0.955967631039691       6.304408554070271E-006
          57  0.779722531596860       6.017237134593188E-006
          58  0.625452421032079       5.851903670894168E-006
          59  0.490464676355272       6.628057470338087E-006
          60  0.372378469254306       8.290800034686914E-006
          61  0.269083787099982       9.268077936381832E-006
          62  0.178689388225722       9.806067327550931E-006
          63  9.938258918294017E-002  1.258570437882957E-005
          64  4.065807297735977E-002  7.114816706620297E-006
