 jacobian for channel i, lat, lon
          86   4.63061000000000        238.922250000000     
 model level, layer pressure, jacobian virtual temp
           1   100.930016190072       1.030837172315265E-003
           2   100.354786085820       1.298662630746113E-003
           3   99.7034237843065       1.637728878069587E-003
           4   98.9670498457964       2.085894522868840E-003
           5   98.1361037562144       2.613101386994099E-003
           6   97.2003974831519       3.422429875450877E-003
           7   96.1492408850884       4.560085101178566E-003
           8   94.9715823060026       6.103889109797954E-003
           9   93.6562065508496       8.383207234559214E-003
          10   92.1920070494949       1.120390647414589E-002
          11   90.5683277209335       1.448733193340025E-002
          12   88.7753810751211       1.822254363907563E-002
          13   86.8047167811488       2.013534698856235E-002
          14   84.6497693161444       2.179476079938202E-002
          15   82.3064483339245       2.268654855586629E-002
          16   79.7737184552477       2.355804482280031E-002
          17   77.0541665042337       2.485174596167190E-002
          18   74.1544981412689       2.622565612215721E-002
          19   71.0858876617323       2.885807021817163E-002
          20   67.8641433419238       3.282890223567732E-002
          21   64.5096604430966       3.790286989288540E-002
          22   61.0471004582044       4.273763021697369E-002
          23   57.5047969381737       4.305631961622964E-002
          24   53.9139200864628       4.245854506616373E-002
          25   50.3074226792622       4.313071848132674E-002
          26   46.7188553907442       4.149016119875607E-002
          27   43.1811403178477       3.870288360362801E-002
          28   39.7253921020927       3.607820439035534E-002
          29   36.3798705172704       3.139708177684172E-002
          30   33.1691410675722       2.558348843867433E-002
          31   30.1134948852151       2.056954154694642E-002
          32   27.2286363015048       1.531137836415901E-002
          33   24.5256204001092       1.088932221316193E-002
          34   22.0109371521345       7.189379630155873E-003
          35   19.6868328057542       4.396778006826326E-003
          36   17.5518919608348       2.390517422223619E-003
          37   15.6016519616747       9.752470057588310E-004
          38   13.8291943172722      -1.045125031039518E-004
          39   12.2257305010218      -8.222477118114411E-004
          40   10.7811396093628      -1.139684619849151E-003
          41   9.48444617104762      -7.658668889450298E-004
          42   8.32423555156817      -5.766381999285066E-004
          43   7.28899188610806      -1.788947004202565E-004
          44   6.36744072072844       4.484334085147246E-004
          45   5.54891765133637       9.183391794068510E-004
          46   4.82345163649048       1.597983216828249E-003
          47   4.18168862358133       2.456043194705522E-003
          48   3.61492857596243       3.378090342170483E-003
          49   3.11515193106151       3.205719132598460E-003
          50   2.67502150328609       3.057709371208856E-003
          51   2.28786764029471       3.310886014140302E-003
          52   1.94765948261730       3.247951868286362E-003
          53   1.64897200541825       3.043124197626273E-003
          54   1.38694320525960       2.889596819491304E-003
          55   1.15723006331523       2.777605211695774E-003
          56  0.955967631039691       2.689436557298435E-003
          57  0.779722531596860       2.477973191465955E-003
          58  0.625452421032079       2.156110962924576E-003
          59  0.490464676355272       2.038199020339887E-003
          60  0.372378469254306       1.983658894427501E-003
          61  0.269083787099982       1.807893527392562E-003
          62  0.178689388225722       2.012481110296914E-003
          63  9.938258918294017E-002  1.850003039260656E-003
          64  4.065807297735977E-002  1.856444724149386E-003
 model level, layer pressure, jacobian wv
           1   100.930016190072      -0.187454112686085     
           2   100.354786085820      -0.413791274751837     
           3   99.7034237843065      -0.610088301182868     
           4   98.9670498457964      -0.845828644880649     
           5   98.1361037562144       -1.13792175055694     
           6   97.2003974831519       -1.53990161035611     
           7   96.1492408850884       -2.26652492049715     
           8   94.9715823060026       -3.31011358307395     
           9   93.6562065508496       -4.60404968406638     
          10   92.1920070494949       -6.78495509898828     
          11   90.5683277209335       -8.18995153746508     
          12   88.7753810751211       -9.55184776087310     
          13   86.8047167811488       -10.2575630763825     
          14   84.6497693161444       -10.0997173413343     
          15   82.3064483339245       -10.1782435637209     
          16   79.7737184552477       -11.0217147302329     
          17   77.0541665042337       -12.4293931722502     
          18   74.1544981412689       -14.3140515878830     
          19   71.0858876617323       -18.8743639790580     
          20   67.8641433419238       -25.2474486734717     
          21   64.5096604430966       -39.2516412232440     
          22   61.0471004582044       -50.0213090142818     
          23   57.5047969381737       -52.0249058563343     
          24   53.9139200864628       -49.9395716321903     
          25   50.3074226792622       -54.5417711197961     
          26   46.7188553907442       -56.7776698675489     
          27   43.1811403178477       -49.6951733492157     
          28   39.7253921020927       -47.9451106588831     
          29   36.3798705172704       -42.9979031299035     
          30   33.1691410675722       -34.4660330276018     
          31   30.1134948852151       -25.2469151735797     
          32   27.2286363015048       -23.1632649345994     
          33   24.5256204001092       -23.3954468743907     
          34   22.0109371521345       -23.3171586500095     
          35   19.6868328057542       -20.8053034246960     
          36   17.5518919608348       -17.2536300112858     
          37   15.6016519616747       -14.2721001760623     
          38   13.8291943172722       -8.42529662852849     
          39   12.2257305010218       -1.26118900960867     
          40   10.7811396093628      -0.226842383203123     
          41   9.48444617104762      -4.778977469499136E-002
          42   8.32423555156817      -1.094227913203348E-002
          43   7.28899188610806      -2.769683151196769E-003
          44   6.36744072072844      -7.772607342186339E-004
          45   5.54891765133637      -2.465246136051266E-004
          46   4.82345163649048      -8.675119617708414E-005
          47   4.18168862358133      -3.472136053539606E-005
          48   3.61492857596243      -1.592703407436018E-005
          49   3.11515193106151      -7.784389536840996E-006
          50   2.67502150328609      -4.205992531876694E-006
          51   2.28786764029471      -2.693695045241595E-006
          52   1.94765948261730      -1.826716660726524E-006
          53   1.64897200541825      -1.170984668016260E-006
          54   1.38694320525960      -7.024476702447068E-007
          55   1.15723006331523      -4.169883290924925E-007
          56  0.955967631039691      -3.099723152710104E-007
          57  0.779722531596860      -2.377709079130001E-007
          58  0.625452421032079      -1.760577015290410E-007
          59  0.490464676355272      -1.461787644283425E-007
          60  0.372378469254306      -1.292350421073616E-007
          61  0.269083787099982      -1.072097077643621E-007
          62  0.178689388225722      -1.148687117273083E-007
          63  9.938258918294017E-002 -9.788630187799477E-008
          64  4.065807297735977E-002 -8.758707232237848E-008
