 jacobian for channel i, lat, lon
          54   4.63061000000000        238.922250000000     
 model level, layer pressure, jacobian virtual temp
           1   100.930016190072       2.913954533639542E-021
           2   100.354786085820       7.231022551067473E-021
           3   99.7034237843065       2.075709766665550E-020
           4   98.9670498457964       6.810675958571425E-020
           5   98.1361037562144       2.069822874861564E-019
           6   97.2003974831519       7.894269075026668E-019
           7   96.1492408850884       3.236621193634031E-018
           8   94.9715823060026       1.386094865280461E-017
           9   93.6562065508496       6.999205372713006E-017
          10   92.1920070494949       3.154004457643709E-016
          11   90.5683277209335       3.050020893027367E-015
          12   88.7753810751211       6.480225406120976E-014
          13   86.8047167811488       3.716363051583913E-013
          14   84.6497693161444       2.116966718500437E-011
          15   82.3064483339245       1.235515193170949E-009
          16   79.7737184552477       3.006848506801108E-008
          17   77.0541665042337       3.941283375299317E-007
          18   74.1544981412689       2.792187922825889E-006
          19   71.0858876617323       1.494496849621301E-005
          20   67.8641433419238       5.737389945840940E-005
          21   64.5096604430966       1.864795451489951E-004
          22   61.0471004582044       5.440341481268731E-004
          23   57.5047969381737       1.355929127195125E-003
          24   53.9139200864628       2.979478562993024E-003
          25   50.3074226792622       6.236113196200484E-003
          26   46.7188553907442       1.187608343162969E-002
          27   43.1811403178477       2.011749784679159E-002
          28   39.7253921020927       3.202539730948256E-002
          29   36.3798705172704       4.416071657860774E-002
          30   33.1691410675722       5.206656614805440E-002
          31   30.1134948852151       5.537803484612606E-002
          32   27.2286363015048       5.438478582419292E-002
          33   24.5256204001092       5.090583946508900E-002
          34   22.0109371521345       4.415870012227736E-002
          35   19.6868328057542       3.589213497572825E-002
          36   17.5518919608348       2.804680759848446E-002
          37   15.6016519616747       2.118851945166456E-002
          38   13.8291943172722       1.463442351262181E-002
          39   12.2257305010218       8.738310807817696E-003
          40   10.7811396093628       4.549986389002910E-003
          41   9.48444617104762       4.494500767235550E-003
          42   8.32423555156817       4.292950213729173E-003
          43   7.28899188610806       5.706943647554065E-003
          44   6.36744072072844       8.530772243059592E-003
          45   5.54891765133637       1.038968709321167E-002
          46   4.82345163649048       1.325662657907131E-002
          47   4.18168862358133       1.696486780496994E-002
          48   3.61492857596243       2.056024137231648E-002
          49   3.11515193106151       1.875793876379811E-002
          50   2.67502150328609       1.710656746170772E-002
          51   2.28786764029471       1.765283970101710E-002
          52   1.94765948261730       1.650778056934750E-002
          53   1.64897200541825       1.483286464684607E-002
          54   1.38694320525960       1.352639477354081E-002
          55   1.15723006331523       1.251189662453223E-002
          56  0.955967631039691       1.187119996757342E-002
          57  0.779722531596860       1.081014801324458E-002
          58  0.625452421032079       9.371963129894930E-003
          59  0.490464676355272       8.865755137215348E-003
          60  0.372378469254306       8.835713029340277E-003
          61  0.269083787099982       8.301187358376564E-003
          62  0.178689388225722       9.147033196045380E-003
          63  9.938258918294017E-002  8.853056680358786E-003
          64  4.065807297735977E-002  9.320621789911426E-003
 model level, layer pressure, jacobian wv
           1   100.930016190072      -5.298923789138831E-019
           2   100.354786085820      -1.547678136703387E-018
           3   99.7034237843065      -4.911141756583565E-018
           4   98.9670498457964      -1.693745962507881E-017
           5   98.1361037562144      -4.654394453681100E-017
           6   97.2003974831519      -1.591519354599384E-016
           7   96.1492408850884      -7.609133584275002E-016
           8   94.9715823060026      -2.914129219990074E-015
           9   93.6562065508496      -1.528433552238540E-014
          10   92.1920070494949      -6.559780726604007E-014
          11   90.5683277209335      -5.652026094435076E-013
          12   88.7753810751211      -1.160963093962887E-011
          13   86.8047167811488      -6.693678307213513E-011
          14   84.6497693161444      -3.792487632005590E-009
          15   82.3064483339245      -2.266536046899148E-007
          16   79.7737184552477      -5.565930677889867E-006
          17   77.0541665042337      -7.196930308671741E-005
          18   74.1544981412689      -5.267816693534428E-004
          19   71.0858876617323      -3.075392140680499E-003
          20   67.8641433419238      -1.206306384790123E-002
          21   64.5096604430966      -4.619255223316436E-002
          22   61.0471004582044      -0.142013748150565     
          23   57.5047969381737      -0.394676748662759     
          24   53.9139200864628       -1.02962831249304     
          25   50.3074226792622       -2.73528952273498     
          26   46.7188553907442       -7.19158953146394     
          27   43.1811403178477       -16.1819063265819     
          28   39.7253921020927       -36.7214966133688     
          29   36.3798705172704       -84.6027323457437     
          30   33.1691410675722       -166.889954777401     
          31   30.1134948852151       -260.682827582702     
          32   27.2286363015048       -392.289359556941     
          33   24.5256204001092       -522.666298426530     
          34   22.0109371521345       -631.343904828645     
          35   19.6868328057542       -690.563429602665     
          36   17.5518919608348       -695.444074591495     
          37   15.6016519616747       -668.759116204600     
          38   13.8291943172722       -454.220940748057     
          39   12.2257305010218       -76.3085868090507     
          40   10.7811396093628       -14.8743222375931     
          41   9.48444617104762       -3.34495399696670     
          42   8.32423555156817      -0.868549873022862     
          43   7.28899188610806      -0.252682333321757     
          44   6.36744072072844      -8.165290144347426E-002
          45   5.54891765133637      -2.909619409605589E-002
          46   4.82345163649048      -1.020864375867519E-002
          47   4.18168862358133      -3.363592841940283E-003
          48   3.61492857596243      -5.622513162841197E-004
          49   3.11515193106151      -2.256551879165119E-004
          50   2.67502150328609      -5.136284219492983E-005
          51   2.28786764029471       1.034456374779878E-004
          52   1.94765948261730       1.235822937784339E-004
          53   1.64897200541825       9.011037036417991E-005
          54   1.38694320525960       7.156654117406872E-005
          55   1.15723006331523       7.477729738131122E-005
          56  0.955967631039691       7.342627820392298E-005
          57  0.779722531596860       6.345683748130631E-005
          58  0.625452421032079       5.581929615001309E-005
          59  0.490464676355272       6.033538444252520E-005
          60  0.372378469254306       7.932670197610431E-005
          61  0.269083787099982       9.547546553906977E-005
          62  0.178689388225722       1.270313032191888E-004
          63  9.938258918294017E-002  1.682270626002624E-004
          64  4.065807297735977E-002  7.383200604792706E-005
